cell_id,scale_km2,vt_n_wells,V01_depth_positive_n,V02_formation_n,V03_penetration_n,V04_hydraulic_condition_n,V05_capture_type_n,V06_top_base_raw_n,V07_diameter_n,V08_screen_interval_n,T01_test_dated_n,T02_chemistry_dated_n,T03_level_dated_n,T04_any_dated_n,T05_multi_domain_dated_n,T06_rimas_registered_n,T07_series_demonstrated_n,latest_evidence_age_median_years,latest_evidence_age_p90_years,dated_distinct_years_n,dated_dataset_span_years,depth_median_m,depth_p10_m,depth_p90_m,top_base_raw_thickness_median_m,capture_interval_status,time_series_status,V01_depth_positive_pct_of_wells,V02_formation_pct_of_wells,V03_penetration_pct_of_wells,V04_hydraulic_condition_pct_of_wells,V05_capture_type_pct_of_wells,V06_top_base_raw_pct_of_wells,V07_diameter_pct_of_wells,T01_test_dated_pct_of_wells,T02_chemistry_dated_pct_of_wells,T03_level_dated_pct_of_wells,T04_any_dated_pct_of_wells,T05_multi_domain_dated_pct_of_wells,T06_rimas_registered_pct_of_wells
SCALE-500-O00-00001,500,7,7,4,2,2,2,0,3,0,5,2,0,5,2,0,0,35.03973387543892,41.9058570675647,4,28.008788681492433,92.0,72.0,150.0,,UNKNOWN_SEM_INTERVALO_DE_FILTRO_DEMONSTRADO,UNKNOWN_SERIE_TEMPORAL_NAO_ADQUIRIDA,100.0,57.14285714285714,28.57142857142857,28.57142857142857,28.57142857142857,0.0,42.857142857142854,71.42857142857143,28.57142857142857,0.0,71.42857142857143,28.57142857142857,0.0
SCALE-500-O00-00002,500,1,1,1,1,1,1,0,1,0,1,0,0,1,0,0,0,37.451829948595794,37.451829948595794,1,,90.0,90.0,90.0,,UNKNOWN_SEM_INTERVALO_DE_FILTRO_DEMONSTRADO,UNKNOWN_SERIE_TEMPORAL_NAO_ADQUIRIDA,100.0,100.0,100.0,100.0,100.0,0.0,100.0,100.0,0.0,0.0,100.0,0.0,0.0
SCALE-500-O00-00003,500,6,6,4,4,4,4,3,3,0,4,1,0,4,1,0,0,42.25001197834315,45.28991012820249,3,11.578608732554398,150.0,80.0,372.0,140.0,UNKNOWN_SEM_INTERVALO_DE_FILTRO_DEMONSTRADO,UNKNOWN_SERIE_TEMPORAL_NAO_ADQUIRIDA,100.0,66.66666666666666,66.66666666666666,66.66666666666666,66.66666666666666,50.0,50.0,66.66666666666666,16.666666666666664,0.0,66.66666666666666,16.666666666666664,0.0
SCALE-500-O00-00004,500,0,0,0,0,0,0,0,0,0,0,0,0,0,0,0,0,,,0,,,,,,UNKNOWN_SEM_INTERVALO_DE_FILTRO_DEMONSTRADO,UNKNOWN_SERIE_TEMPORAL_NAO_ADQUIRIDA,,,,,,,,,,,,,
SCALE-500-O00-00005,500,0,0,0,0,0,0,0,0,0,0,0,0,0,0,0,0,,,0,,,,,,UNKNOWN_SEM_INTERVALO_DE_FILTRO_DEMONSTRADO,UNKNOWN_SERIE_TEMPORAL_NAO_ADQUIRIDA,,,,,,,,,,,,,
SCALE-500-O00-00006,500,14,13,3,0,0,0,0,0,0,5,1,0,5,1,0,0,35.53803295071083,39.01243694257924,4,22.007296522173625,101.0,61.2,159.0,,UNKNOWN_SEM_INTERVALO_DE_FILTRO_DEMONSTRADO,UNKNOWN_SERIE_TEMPORAL_NAO_ADQUIRIDA,92.85714285714286,21.428571428571427,0.0,0.0,0.0,0.0,0.0,35.714285714285715,7.142857142857142,0.0,35.714285714285715,7.142857142857142,0.0
SCALE-500-O00-00007,500,0,0,0,0,0,0,0,0,0,0,0,0,0,0,0,0,,,0,,,,,,UNKNOWN_SEM_INTERVALO_DE_FILTRO_DEMONSTRADO,UNKNOWN_SERIE_TEMPORAL_NAO_ADQUIRIDA,,,,,,,,,,,,,
SCALE-500-O00-00008,500,0,0,0,0,0,0,0,0,0,0,0,0,0,0,0,0,,,0,,,,,,UNKNOWN_SEM_INTERVALO_DE_FILTRO_DEMONSTRADO,UNKNOWN_SERIE_TEMPORAL_NAO_ADQUIRIDA,,,,,,,,,,,,,
SCALE-500-O00-00009,500,1,1,0,0,0,0,0,0,0,0,0,0,0,0,0,0,,,0,,96.0,96.0,96.0,,UNKNOWN_SEM_INTERVALO_DE_FILTRO_DEMONSTRADO,UNKNOWN_SERIE_TEMPORAL_NAO_ADQUIRIDA,100.0,0.0,0.0,0.0,0.0,0.0,0.0,0.0,0.0,0.0,0.0,0.0,0.0
SCALE-500-O00-00010,500,0,0,0,0,0,0,0,0,0,0,0,0,0,0,0,0,,,0,,,,,,UNKNOWN_SEM_INTERVALO_DE_FILTRO_DEMONSTRADO,UNKNOWN_SERIE_TEMPORAL_NAO_ADQUIRIDA,,,,,,,,,,,,,
SCALE-500-O00-00011,500,0,0,0,0,0,0,0,0,0,0,0,0,0,0,0,0,,,0,,,,,,UNKNOWN_SEM_INTERVALO_DE_FILTRO_DEMONSTRADO,UNKNOWN_SERIE_TEMPORAL_NAO_ADQUIRIDA,,,,,,,,,,,,,
SCALE-500-O00-00012,500,7,7,6,2,2,2,0,2,0,5,1,0,5,1,0,0,25.56931353826567,39.17780652580135,6,28.928725435840573,140.0,98.30000000000001,152.0,,UNKNOWN_SEM_INTERVALO_DE_FILTRO_DEMONSTRADO,UNKNOWN_SERIE_TEMPORAL_NAO_ADQUIRIDA,100.0,85.71428571428571,28.57142857142857,28.57142857142857,28.57142857142857,0.0,28.57142857142857,71.42857142857143,14.285714285714285,0.0,71.42857142857143,14.285714285714285,0.0
SCALE-500-O00-00013,500,34,34,20,3,3,2,0,3,0,21,1,0,21,1,0,0,30.938349178970135,44.43623072342348,10,37.81870948753225,150.0,95.10000000000001,154.4,,UNKNOWN_SEM_INTERVALO_DE_FILTRO_DEMONSTRADO,UNKNOWN_SERIE_TEMPORAL_NAO_ADQUIRIDA,100.0,58.82352941176471,8.823529411764707,8.823529411764707,5.88235294117647,0.0,8.823529411764707,61.76470588235294,2.941176470588235,0.0,61.76470588235294,2.941176470588235,0.0
SCALE-500-O00-00014,500,4,4,3,0,0,0,0,0,0,3,0,0,3,0,0,0,40.42245905117833,41.458483062622776,3,24.71234864507827,153.5,105.2,157.0,,UNKNOWN_SEM_INTERVALO_DE_FILTRO_DEMONSTRADO,UNKNOWN_SERIE_TEMPORAL_NAO_ADQUIRIDA,100.0,75.0,0.0,0.0,0.0,0.0,0.0,75.0,0.0,0.0,75.0,0.0,0.0
SCALE-500-O00-00015,500,0,0,0,0,0,0,0,0,0,0,0,0,0,0,0,0,,,0,,,,,,UNKNOWN_SEM_INTERVALO_DE_FILTRO_DEMONSTRADO,UNKNOWN_SERIE_TEMPORAL_NAO_ADQUIRIDA,,,,,,,,,,,,,
SCALE-500-O00-00016,500,0,0,0,0,0,0,0,0,0,0,0,0,0,0,0,0,,,0,,,,,,UNKNOWN_SEM_INTERVALO_DE_FILTRO_DEMONSTRADO,UNKNOWN_SERIE_TEMPORAL_NAO_ADQUIRIDA,,,,,,,,,,,,,
SCALE-500-O00-00017,500,6,6,4,1,1,1,0,1,0,4,1,0,4,1,0,0,20.787558950560246,39.09156245508122,4,37.49563646070761,103.0,95.0,120.0,,UNKNOWN_SEM_INTERVALO_DE_FILTRO_DEMONSTRADO,UNKNOWN_SERIE_TEMPORAL_NAO_ADQUIRIDA,100.0,66.66666666666666,16.666666666666664,16.666666666666664,16.666666666666664,0.0,16.666666666666664,66.66666666666666,16.666666666666664,0.0,66.66666666666666,16.666666666666664,0.0
SCALE-500-O00-00018,500,5,4,0,0,0,0,0,0,0,0,0,0,0,0,0,0,,,0,,85.5,80.3,97.0,,UNKNOWN_SEM_INTERVALO_DE_FILTRO_DEMONSTRADO,UNKNOWN_SERIE_TEMPORAL_NAO_ADQUIRIDA,80.0,0.0,0.0,0.0,0.0,0.0,0.0,0.0,0.0,0.0,0.0,0.0,0.0
SCALE-500-O00-00019,500,12,12,11,4,4,3,1,3,0,11,3,1,11,3,1,0,21.952538382033854,34.700233406572345,10,42.21031232674182,150.0,65.0,155.0,153.5,UNKNOWN_SEM_INTERVALO_DE_FILTRO_DEMONSTRADO,UNKNOWN_SERIE_TEMPORAL_NAO_ADQUIRIDA,100.0,91.66666666666666,33.33333333333333,33.33333333333333,25.0,8.333333333333332,25.0,91.66666666666666,25.0,8.333333333333332,91.66666666666666,25.0,8.333333333333332
SCALE-500-O00-00020,500,7,5,0,0,0,0,0,0,0,0,0,0,0,0,0,0,,,0,,110.0,102.2,116.0,,UNKNOWN_SEM_INTERVALO_DE_FILTRO_DEMONSTRADO,UNKNOWN_SERIE_TEMPORAL_NAO_ADQUIRIDA,71.42857142857143,0.0,0.0,0.0,0.0,0.0,0.0,0.0,0.0,0.0,0.0,0.0,0.0
SCALE-500-O00-00021,500,2,1,0,0,0,0,0,0,0,0,0,0,0,0,0,0,,,0,,80.0,80.0,80.0,,UNKNOWN_SEM_INTERVALO_DE_FILTRO_DEMONSTRADO,UNKNOWN_SERIE_TEMPORAL_NAO_ADQUIRIDA,50.0,0.0,0.0,0.0,0.0,0.0,0.0,0.0,0.0,0.0,0.0,0.0,0.0
SCALE-500-O00-00022,500,0,0,0,0,0,0,0,0,0,0,0,0,0,0,0,0,,,0,,,,,,UNKNOWN_SEM_INTERVALO_DE_FILTRO_DEMONSTRADO,UNKNOWN_SERIE_TEMPORAL_NAO_ADQUIRIDA,,,,,,,,,,,,,
SCALE-500-O00-00023,500,0,0,0,0,0,0,0,0,0,0,0,0,0,0,0,0,,,0,,,,,,UNKNOWN_SEM_INTERVALO_DE_FILTRO_DEMONSTRADO,UNKNOWN_SERIE_TEMPORAL_NAO_ADQUIRIDA,,,,,,,,,,,,,
SCALE-500-O00-00024,500,3,3,0,0,0,0,0,0,0,0,0,0,0,0,0,0,,,0,,81.0,68.2,96.2,,UNKNOWN_SEM_INTERVALO_DE_FILTRO_DEMONSTRADO,UNKNOWN_SERIE_TEMPORAL_NAO_ADQUIRIDA,100.0,0.0,0.0,0.0,0.0,0.0,0.0,0.0,0.0,0.0,0.0,0.0,0.0
SCALE-500-O00-00025,500,0,0,0,0,0,0,0,0,0,0,0,0,0,0,0,0,,,0,,,,,,UNKNOWN_SEM_INTERVALO_DE_FILTRO_DEMONSTRADO,UNKNOWN_SERIE_TEMPORAL_NAO_ADQUIRIDA,,,,,,,,,,,,,
SCALE-500-O00-00026,500,0,0,0,0,0,0,0,0,0,0,0,0,0,0,0,0,,,0,,,,,,UNKNOWN_SEM_INTERVALO_DE_FILTRO_DEMONSTRADO,UNKNOWN_SERIE_TEMPORAL_NAO_ADQUIRIDA,,,,,,,,,,,,,
SCALE-500-O00-00027,500,0,0,0,0,0,0,0,0,0,0,0,0,0,0,0,0,,,0,,,,,,UNKNOWN_SEM_INTERVALO_DE_FILTRO_DEMONSTRADO,UNKNOWN_SERIE_TEMPORAL_NAO_ADQUIRIDA,,,,,,,,,,,,,
SCALE-500-O00-00028,500,37,35,4,1,1,1,0,2,0,6,0,0,6,0,0,0,33.14099536609239,41.095984174897495,5,28.34281333634503,100.0,78.8,120.0,,UNKNOWN_SEM_INTERVALO_DE_FILTRO_DEMONSTRADO,UNKNOWN_SERIE_TEMPORAL_NAO_ADQUIRIDA,94.5945945945946,10.81081081081081,2.7027027027027026,2.7027027027027026,2.7027027027027026,0.0,5.405405405405405,16.216216216216218,0.0,0.0,16.216216216216218,0.0,0.0
SCALE-500-O00-00029,500,0,0,0,0,0,0,0,0,0,0,0,0,0,0,0,0,,,0,,,,,,UNKNOWN_SEM_INTERVALO_DE_FILTRO_DEMONSTRADO,UNKNOWN_SERIE_TEMPORAL_NAO_ADQUIRIDA,,,,,,,,,,,,,
SCALE-500-O00-00030,500,0,0,0,0,0,0,0,0,0,0,0,0,0,0,0,0,,,0,,,,,,UNKNOWN_SEM_INTERVALO_DE_FILTRO_DEMONSTRADO,UNKNOWN_SERIE_TEMPORAL_NAO_ADQUIRIDA,,,,,,,,,,,,,
SCALE-500-O00-00031,500,0,0,0,0,0,0,0,0,0,0,0,0,0,0,0,0,,,0,,,,,,UNKNOWN_SEM_INTERVALO_DE_FILTRO_DEMONSTRADO,UNKNOWN_SERIE_TEMPORAL_NAO_ADQUIRIDA,,,,,,,,,,,,,
SCALE-500-O00-00032,500,0,0,0,0,0,0,0,0,0,0,0,0,0,0,0,0,,,0,,,,,,UNKNOWN_SEM_INTERVALO_DE_FILTRO_DEMONSTRADO,UNKNOWN_SERIE_TEMPORAL_NAO_ADQUIRIDA,,,,,,,,,,,,,
SCALE-500-O00-00033,500,4,3,0,0,0,0,1,1,0,1,0,0,1,0,0,0,6.967973332785752,6.967973332785752,1,,97.0,67.4,147.4,1.0,UNKNOWN_SEM_INTERVALO_DE_FILTRO_DEMONSTRADO,UNKNOWN_SERIE_TEMPORAL_NAO_ADQUIRIDA,75.0,0.0,0.0,0.0,0.0,25.0,25.0,25.0,0.0,0.0,25.0,0.0,0.0
SCALE-500-O00-00034,500,0,0,0,0,0,0,0,0,0,0,0,0,0,0,0,0,,,0,,,,,,UNKNOWN_SEM_INTERVALO_DE_FILTRO_DEMONSTRADO,UNKNOWN_SERIE_TEMPORAL_NAO_ADQUIRIDA,,,,,,,,,,,,,
SCALE-500-O00-00035,500,0,0,0,0,0,0,0,0,0,0,0,0,0,0,0,0,,,0,,,,,,UNKNOWN_SEM_INTERVALO_DE_FILTRO_DEMONSTRADO,UNKNOWN_SERIE_TEMPORAL_NAO_ADQUIRIDA,,,,,,,,,,,,,
SCALE-500-O00-00036,500,0,0,0,0,0,0,0,0,0,0,0,0,0,0,0,0,,,0,,,,,,UNKNOWN_SEM_INTERVALO_DE_FILTRO_DEMONSTRADO,UNKNOWN_SERIE_TEMPORAL_NAO_ADQUIRIDA,,,,,,,,,,,,,
SCALE-500-O00-00037,500,2,2,0,0,0,0,0,0,0,0,0,0,0,0,0,0,,,0,,99.0,98.2,99.8,,UNKNOWN_SEM_INTERVALO_DE_FILTRO_DEMONSTRADO,UNKNOWN_SERIE_TEMPORAL_NAO_ADQUIRIDA,100.0,0.0,0.0,0.0,0.0,0.0,0.0,0.0,0.0,0.0,0.0,0.0,0.0
SCALE-500-O00-00038,500,3,3,0,0,0,0,0,0,0,0,0,0,0,0,0,0,,,0,,96.0,83.2,115.2,,UNKNOWN_SEM_INTERVALO_DE_FILTRO_DEMONSTRADO,UNKNOWN_SERIE_TEMPORAL_NAO_ADQUIRIDA,100.0,0.0,0.0,0.0,0.0,0.0,0.0,0.0,0.0,0.0,0.0,0.0,0.0
SCALE-500-O00-00039,500,2,2,0,0,0,0,0,0,0,0,0,0,0,0,0,0,,,0,,110.0,102.0,118.0,,UNKNOWN_SEM_INTERVALO_DE_FILTRO_DEMONSTRADO,UNKNOWN_SERIE_TEMPORAL_NAO_ADQUIRIDA,100.0,0.0,0.0,0.0,0.0,0.0,0.0,0.0,0.0,0.0,0.0,0.0,0.0
SCALE-500-O00-00040,500,0,0,0,0,0,0,0,0,0,0,0,0,0,0,0,0,,,0,,,,,,UNKNOWN_SEM_INTERVALO_DE_FILTRO_DEMONSTRADO,UNKNOWN_SERIE_TEMPORAL_NAO_ADQUIRIDA,,,,,,,,,,,,,
SCALE-500-O00-00041,500,7,6,5,0,0,0,0,1,0,5,1,0,5,1,0,0,16.835390185972333,45.367119105799574,4,40.93444766148518,150.0,135.0,185.0,,UNKNOWN_SEM_INTERVALO_DE_FILTRO_DEMONSTRADO,UNKNOWN_SERIE_TEMPORAL_NAO_ADQUIRIDA,85.71428571428571,71.42857142857143,0.0,0.0,0.0,0.0,14.285714285714285,71.42857142857143,14.285714285714285,0.0,71.42857142857143,14.285714285714285,0.0
SCALE-500-O00-00042,500,41,38,22,8,9,8,16,13,0,24,3,0,24,3,0,0,38.790666475013175,47.12868847409597,11,41.09872208190449,148.0,103.5,160.0,90.0,UNKNOWN_SEM_INTERVALO_DE_FILTRO_DEMONSTRADO,UNKNOWN_SERIE_TEMPORAL_NAO_ADQUIRIDA,92.6829268292683,53.65853658536586,19.51219512195122,21.951219512195124,19.51219512195122,39.02439024390244,31.70731707317073,58.536585365853654,7.317073170731707,0.0,58.536585365853654,7.317073170731707,0.0
SCALE-500-O00-00043,500,3,3,1,0,0,0,0,1,0,1,0,0,1,0,0,0,16.78336995283955,16.78336995283955,1,,140.0,103.2,148.0,,UNKNOWN_SEM_INTERVALO_DE_FILTRO_DEMONSTRADO,UNKNOWN_SERIE_TEMPORAL_NAO_ADQUIRIDA,100.0,33.33333333333333,0.0,0.0,0.0,0.0,33.33333333333333,33.33333333333333,0.0,0.0,33.33333333333333,0.0,0.0
SCALE-500-O00-00044,500,0,0,0,0,0,0,0,0,0,0,0,0,0,0,0,0,,,0,,,,,,UNKNOWN_SEM_INTERVALO_DE_FILTRO_DEMONSTRADO,UNKNOWN_SERIE_TEMPORAL_NAO_ADQUIRIDA,,,,,,,,,,,,,
SCALE-500-O00-00045,500,0,0,0,0,0,0,0,0,0,0,0,0,0,0,0,0,,,0,,,,,,UNKNOWN_SEM_INTERVALO_DE_FILTRO_DEMONSTRADO,UNKNOWN_SERIE_TEMPORAL_NAO_ADQUIRIDA,,,,,,,,,,,,,
SCALE-500-O00-00046,500,7,6,0,0,0,0,0,0,0,0,0,0,0,0,0,0,,,0,,120.0,92.0,150.0,,UNKNOWN_SEM_INTERVALO_DE_FILTRO_DEMONSTRADO,UNKNOWN_SERIE_TEMPORAL_NAO_ADQUIRIDA,85.71428571428571,0.0,0.0,0.0,0.0,0.0,0.0,0.0,0.0,0.0,0.0,0.0,0.0
SCALE-500-O00-00047,500,48,46,25,4,4,4,1,4,0,24,6,0,24,6,0,0,26.82738180797689,47.227526917048266,15,34.72761247664223,101.25,70.0,132.0,70.0,UNKNOWN_SEM_INTERVALO_DE_FILTRO_DEMONSTRADO,UNKNOWN_SERIE_TEMPORAL_NAO_ADQUIRIDA,95.83333333333334,52.083333333333336,8.333333333333332,8.333333333333332,8.333333333333332,2.083333333333333,8.333333333333332,50.0,12.5,0.0,50.0,12.5,0.0
SCALE-500-O00-00048,500,3,3,0,0,0,0,0,0,0,0,0,0,0,0,0,0,,,0,,68.0,37.6,82.4,,UNKNOWN_SEM_INTERVALO_DE_FILTRO_DEMONSTRADO,UNKNOWN_SERIE_TEMPORAL_NAO_ADQUIRIDA,100.0,0.0,0.0,0.0,0.0,0.0,0.0,0.0,0.0,0.0,0.0,0.0,0.0
SCALE-500-O00-00049,500,0,0,0,0,0,0,0,0,0,0,0,0,0,0,0,0,,,0,,,,,,UNKNOWN_SEM_INTERVALO_DE_FILTRO_DEMONSTRADO,UNKNOWN_SERIE_TEMPORAL_NAO_ADQUIRIDA,,,,,,,,,,,,,
SCALE-500-O00-00050,500,19,19,11,2,2,2,2,8,0,14,3,0,14,3,0,0,42.709980355517224,48.23233878861304,8,38.24856088762945,130.0,105.6,213.0,150.5,UNKNOWN_SEM_INTERVALO_DE_FILTRO_DEMONSTRADO,UNKNOWN_SERIE_TEMPORAL_NAO_ADQUIRIDA,100.0,57.89473684210527,10.526315789473683,10.526315789473683,10.526315789473683,10.526315789473683,42.10526315789473,73.68421052631578,15.789473684210526,0.0,73.68421052631578,15.789473684210526,0.0
SCALE-500-O00-00051,500,1,0,0,0,0,0,0,0,0,0,0,0,0,0,0,0,,,0,,,,,,UNKNOWN_SEM_INTERVALO_DE_FILTRO_DEMONSTRADO,UNKNOWN_SERIE_TEMPORAL_NAO_ADQUIRIDA,0.0,0.0,0.0,0.0,0.0,0.0,0.0,0.0,0.0,0.0,0.0,0.0,0.0
SCALE-500-O00-00052,500,2,2,2,0,0,0,0,0,0,2,0,0,2,0,0,0,8.186341950895638,8.201674230134774,1,0.03833069809783911,99.5,79.9,119.1,,UNKNOWN_SEM_INTERVALO_DE_FILTRO_DEMONSTRADO,UNKNOWN_SERIE_TEMPORAL_NAO_ADQUIRIDA,100.0,100.0,0.0,0.0,0.0,0.0,0.0,100.0,0.0,0.0,100.0,0.0,0.0
SCALE-500-O00-00053,500,8,5,3,0,0,0,0,0,0,3,3,0,3,3,0,0,17.122870421706125,17.122870421706125,1,0.26831488668487374,110.0,59.0,148.0,,UNKNOWN_SEM_INTERVALO_DE_FILTRO_DEMONSTRADO,UNKNOWN_SERIE_TEMPORAL_NAO_ADQUIRIDA,62.5,37.5,0.0,0.0,0.0,0.0,0.0,37.5,37.5,0.0,37.5,37.5,0.0
SCALE-500-O00-00054,500,10,9,3,0,0,0,0,0,0,3,0,0,3,0,0,0,42.29518744395847,42.63249758721945,3,25.711684702629075,116.0,98.6,172.80000000000004,,UNKNOWN_SEM_INTERVALO_DE_FILTRO_DEMONSTRADO,UNKNOWN_SERIE_TEMPORAL_NAO_ADQUIRIDA,90.0,30.0,0.0,0.0,0.0,0.0,0.0,30.0,0.0,0.0,30.0,0.0,0.0
SCALE-500-O00-00055,500,3,1,1,1,1,1,0,1,0,1,1,0,1,1,0,0,45.966720740330054,45.966720740330054,1,0.021903256055908062,205.0,205.0,205.0,,UNKNOWN_SEM_INTERVALO_DE_FILTRO_DEMONSTRADO,UNKNOWN_SERIE_TEMPORAL_NAO_ADQUIRIDA,33.33333333333333,33.33333333333333,33.33333333333333,33.33333333333333,33.33333333333333,0.0,33.33333333333333,33.33333333333333,33.33333333333333,0.0,33.33333333333333,33.33333333333333,0.0
SCALE-500-O00-00056,500,2,2,1,1,1,1,0,0,0,1,0,0,1,0,1,0,3.37583933961683,3.37583933961683,1,,83.0,69.4,96.6,,UNKNOWN_SEM_INTERVALO_DE_FILTRO_DEMONSTRADO,UNKNOWN_SERIE_TEMPORAL_NAO_ADQUIRIDA,100.0,50.0,50.0,50.0,50.0,0.0,0.0,50.0,0.0,0.0,50.0,0.0,50.0
SCALE-500-O00-00057,500,0,0,0,0,0,0,0,0,0,0,0,0,0,0,0,0,,,0,,,,,,UNKNOWN_SEM_INTERVALO_DE_FILTRO_DEMONSTRADO,UNKNOWN_SERIE_TEMPORAL_NAO_ADQUIRIDA,,,,,,,,,,,,,
SCALE-500-O00-00058,500,1,1,0,0,0,0,0,0,0,0,0,0,0,0,0,0,,,0,,72.0,72.0,72.0,,UNKNOWN_SEM_INTERVALO_DE_FILTRO_DEMONSTRADO,UNKNOWN_SERIE_TEMPORAL_NAO_ADQUIRIDA,100.0,0.0,0.0,0.0,0.0,0.0,0.0,0.0,0.0,0.0,0.0,0.0,0.0
SCALE-500-O00-00059,500,0,0,0,0,0,0,0,0,0,0,0,0,0,0,0,0,,,0,,,,,,UNKNOWN_SEM_INTERVALO_DE_FILTRO_DEMONSTRADO,UNKNOWN_SERIE_TEMPORAL_NAO_ADQUIRIDA,,,,,,,,,,,,,
SCALE-500-O00-00060,500,0,0,0,0,0,0,0,0,0,0,0,0,0,0,0,0,,,0,,,,,,UNKNOWN_SEM_INTERVALO_DE_FILTRO_DEMONSTRADO,UNKNOWN_SERIE_TEMPORAL_NAO_ADQUIRIDA,,,,,,,,,,,,,
SCALE-500-O00-00061,500,6,6,5,1,1,1,1,1,0,5,1,0,5,1,0,0,25.6103821433705,40.74169900819319,4,29.470831023224296,108.0,91.0,150.0,144.8,UNKNOWN_SEM_INTERVALO_DE_FILTRO_DEMONSTRADO,UNKNOWN_SERIE_TEMPORAL_NAO_ADQUIRIDA,100.0,83.33333333333334,16.666666666666664,16.666666666666664,16.666666666666664,16.666666666666664,16.666666666666664,83.33333333333334,16.666666666666664,0.0,83.33333333333334,16.666666666666664,0.0
SCALE-500-O00-00062,500,3,3,2,1,1,1,1,2,0,1,0,0,1,0,0,0,29.68164986276241,29.68164986276241,1,,100.0,100.0,140.0,141.0,UNKNOWN_SEM_INTERVALO_DE_FILTRO_DEMONSTRADO,UNKNOWN_SERIE_TEMPORAL_NAO_ADQUIRIDA,100.0,66.66666666666666,33.33333333333333,33.33333333333333,33.33333333333333,33.33333333333333,66.66666666666666,33.33333333333333,0.0,0.0,33.33333333333333,0.0,0.0
SCALE-500-O00-00063,500,5,2,0,0,0,0,0,0,0,0,0,0,0,0,0,0,,,0,,110.0,110.0,110.0,,UNKNOWN_SEM_INTERVALO_DE_FILTRO_DEMONSTRADO,UNKNOWN_SERIE_TEMPORAL_NAO_ADQUIRIDA,40.0,0.0,0.0,0.0,0.0,0.0,0.0,0.0,0.0,0.0,0.0,0.0,0.0
SCALE-500-O00-00064,500,33,32,21,7,8,8,11,6,0,21,12,0,22,11,0,0,21.24752732773431,45.85419276234283,11,31.5187854644517,150.0,100.0,200.60000000000008,116.0,UNKNOWN_SEM_INTERVALO_DE_FILTRO_DEMONSTRADO,UNKNOWN_SERIE_TEMPORAL_NAO_ADQUIRIDA,96.96969696969697,63.63636363636363,21.21212121212121,24.242424242424242,24.242424242424242,33.33333333333333,18.181818181818183,63.63636363636363,36.36363636363637,0.0,66.66666666666666,33.33333333333333,0.0
SCALE-500-O00-00065,500,19,18,3,4,4,4,4,5,0,5,3,0,5,3,0,0,17.224172980964703,18.150680712129613,3,8.534056140783179,387.0,74.10000000000001,683.5,67.0,UNKNOWN_SEM_INTERVALO_DE_FILTRO_DEMONSTRADO,UNKNOWN_SERIE_TEMPORAL_NAO_ADQUIRIDA,94.73684210526315,15.789473684210526,21.052631578947366,21.052631578947366,21.052631578947366,21.052631578947366,26.31578947368421,26.31578947368421,15.789473684210526,0.0,26.31578947368421,15.789473684210526,0.0
SCALE-500-O00-00066,500,0,0,0,0,0,0,0,0,0,0,0,0,0,0,0,0,,,0,,,,,,UNKNOWN_SEM_INTERVALO_DE_FILTRO_DEMONSTRADO,UNKNOWN_SERIE_TEMPORAL_NAO_ADQUIRIDA,,,,,,,,,,,,,
SCALE-500-O00-00067,500,0,0,0,0,0,0,0,0,0,0,0,0,0,0,0,0,,,0,,,,,,UNKNOWN_SEM_INTERVALO_DE_FILTRO_DEMONSTRADO,UNKNOWN_SERIE_TEMPORAL_NAO_ADQUIRIDA,,,,,,,,,,,,,
SCALE-500-O00-00068,500,19,19,9,4,4,3,0,4,0,10,2,0,10,2,0,0,29.286022300252572,37.36449071507286,9,26.60150447990034,111.5,60.0,129.0,,UNKNOWN_SEM_INTERVALO_DE_FILTRO_DEMONSTRADO,UNKNOWN_SERIE_TEMPORAL_NAO_ADQUIRIDA,100.0,47.368421052631575,21.052631578947366,21.052631578947366,15.789473684210526,0.0,21.052631578947366,52.63157894736842,10.526315789473683,0.0,52.63157894736842,10.526315789473683,0.0
SCALE-500-O00-00069,500,2,2,0,0,0,0,0,0,0,1,1,0,1,1,0,0,14.781959930730952,14.781959930730952,2,2.0205753711575185,95.0,91.0,99.0,,UNKNOWN_SEM_INTERVALO_DE_FILTRO_DEMONSTRADO,UNKNOWN_SERIE_TEMPORAL_NAO_ADQUIRIDA,100.0,0.0,0.0,0.0,0.0,0.0,0.0,50.0,50.0,0.0,50.0,50.0,0.0
SCALE-500-O00-00070,500,1,1,0,0,0,0,0,0,0,0,0,0,0,0,0,0,,,0,,104.0,104.0,104.0,,UNKNOWN_SEM_INTERVALO_DE_FILTRO_DEMONSTRADO,UNKNOWN_SERIE_TEMPORAL_NAO_ADQUIRIDA,100.0,0.0,0.0,0.0,0.0,0.0,0.0,0.0,0.0,0.0,0.0,0.0,0.0
SCALE-500-O00-00071,500,0,0,0,0,0,0,0,0,0,0,0,0,0,0,0,0,,,0,,,,,,UNKNOWN_SEM_INTERVALO_DE_FILTRO_DEMONSTRADO,UNKNOWN_SERIE_TEMPORAL_NAO_ADQUIRIDA,,,,,,,,,,,,,
SCALE-500-O00-00072,500,59,57,38,2,2,0,3,2,0,38,4,0,38,4,0,0,34.83712875692177,51.58490591867047,18,52.343306159606286,126.0,100.0,248.5,131.82,UNKNOWN_SEM_INTERVALO_DE_FILTRO_DEMONSTRADO,UNKNOWN_SERIE_TEMPORAL_NAO_ADQUIRIDA,96.61016949152543,64.40677966101694,3.389830508474576,3.389830508474576,0.0,5.084745762711865,3.389830508474576,64.40677966101694,6.779661016949152,0.0,64.40677966101694,6.779661016949152,0.0
SCALE-500-O00-00073,500,1,1,0,0,0,0,0,0,0,0,0,0,0,0,0,0,,,0,,80.0,80.0,80.0,,UNKNOWN_SEM_INTERVALO_DE_FILTRO_DEMONSTRADO,UNKNOWN_SERIE_TEMPORAL_NAO_ADQUIRIDA,100.0,0.0,0.0,0.0,0.0,0.0,0.0,0.0,0.0,0.0,0.0,0.0,0.0
SCALE-500-O00-00074,500,19,18,7,1,1,1,1,5,0,5,1,0,5,1,0,0,22.06753047632737,41.00782356927247,5,25.807511447873672,99.0,74.7,136.60000000000002,3.0,UNKNOWN_SEM_INTERVALO_DE_FILTRO_DEMONSTRADO,UNKNOWN_SERIE_TEMPORAL_NAO_ADQUIRIDA,94.73684210526315,36.84210526315789,5.263157894736842,5.263157894736842,5.263157894736842,5.263157894736842,26.31578947368421,26.31578947368421,5.263157894736842,0.0,26.31578947368421,5.263157894736842,0.0
SCALE-500-O00-00075,500,15,15,2,0,0,0,1,0,0,3,2,0,3,2,0,0,16.701232742629895,20.994270929587874,4,38.93029973236959,100.0,66.4,215.99999999999994,47.0,UNKNOWN_SEM_INTERVALO_DE_FILTRO_DEMONSTRADO,UNKNOWN_SERIE_TEMPORAL_NAO_ADQUIRIDA,100.0,13.333333333333334,0.0,0.0,0.0,6.666666666666667,0.0,20.0,13.333333333333334,0.0,20.0,13.333333333333334,0.0
SCALE-500-O00-00076,500,10,8,5,1,1,1,1,0,0,5,2,0,5,2,0,0,21.161283257014176,40.52540435464109,6,27.179202858374914,147.5,111.4,165.0,142.0,UNKNOWN_SEM_INTERVALO_DE_FILTRO_DEMONSTRADO,UNKNOWN_SERIE_TEMPORAL_NAO_ADQUIRIDA,80.0,50.0,10.0,10.0,10.0,10.0,0.0,50.0,20.0,0.0,50.0,20.0,0.0
SCALE-500-O00-00077,500,20,19,5,2,2,1,1,1,0,6,5,0,7,4,0,0,16.89562414012608,33.67351827895167,6,46.84832679658035,79.0,60.0,105.6,71.0,UNKNOWN_SEM_INTERVALO_DE_FILTRO_DEMONSTRADO,UNKNOWN_SERIE_TEMPORAL_NAO_ADQUIRIDA,95.0,25.0,10.0,10.0,5.0,5.0,5.0,30.0,25.0,0.0,35.0,20.0,0.0
SCALE-500-O00-00078,500,99,94,16,4,4,4,2,4,0,18,8,0,18,8,0,0,18.224877992019,49.88001122541873,9,46.44037865253907,75.0,60.0,134.8,84.5,UNKNOWN_SEM_INTERVALO_DE_FILTRO_DEMONSTRADO,UNKNOWN_SERIE_TEMPORAL_NAO_ADQUIRIDA,94.94949494949495,16.161616161616163,4.040404040404041,4.040404040404041,4.040404040404041,2.0202020202020203,4.040404040404041,18.181818181818183,8.080808080808081,0.0,18.181818181818183,8.080808080808081,0.0
SCALE-500-O00-00079,500,13,12,0,0,0,0,0,0,0,0,0,0,0,0,0,0,,,0,,80.0,57.0,89.10000000000001,,UNKNOWN_SEM_INTERVALO_DE_FILTRO_DEMONSTRADO,UNKNOWN_SERIE_TEMPORAL_NAO_ADQUIRIDA,92.3076923076923,0.0,0.0,0.0,0.0,0.0,0.0,0.0,0.0,0.0,0.0,0.0,0.0
SCALE-500-O00-00080,500,0,0,0,0,0,0,0,0,0,0,0,0,0,0,0,0,,,0,,,,,,UNKNOWN_SEM_INTERVALO_DE_FILTRO_DEMONSTRADO,UNKNOWN_SERIE_TEMPORAL_NAO_ADQUIRIDA,,,,,,,,,,,,,
SCALE-500-O00-00081,500,2,2,1,1,1,1,1,1,0,1,1,0,1,1,0,0,16.170078783274125,16.170078783274125,1,0.0,50.0,42.0,58.0,40.0,UNKNOWN_SEM_INTERVALO_DE_FILTRO_DEMONSTRADO,UNKNOWN_SERIE_TEMPORAL_NAO_ADQUIRIDA,100.0,50.0,50.0,50.0,50.0,50.0,50.0,50.0,50.0,0.0,50.0,50.0,0.0
SCALE-500-O00-00082,500,15,15,8,6,6,3,1,6,0,11,4,0,11,4,0,0,17.00514042040562,34.96581038625023,9,34.6865438715374,80.0,64.0,114.0,80.0,UNKNOWN_SEM_INTERVALO_DE_FILTRO_DEMONSTRADO,UNKNOWN_SERIE_TEMPORAL_NAO_ADQUIRIDA,100.0,53.333333333333336,40.0,40.0,20.0,6.666666666666667,40.0,73.33333333333333,26.666666666666668,0.0,73.33333333333333,26.666666666666668,0.0
SCALE-500-O00-00083,500,0,0,0,0,0,0,0,0,0,0,0,0,0,0,0,0,,,0,,,,,,UNKNOWN_SEM_INTERVALO_DE_FILTRO_DEMONSTRADO,UNKNOWN_SERIE_TEMPORAL_NAO_ADQUIRIDA,,,,,,,,,,,,,
SCALE-500-O00-00084,500,0,0,0,0,0,0,0,0,0,0,0,0,0,0,0,0,,,0,,,,,,UNKNOWN_SEM_INTERVALO_DE_FILTRO_DEMONSTRADO,UNKNOWN_SERIE_TEMPORAL_NAO_ADQUIRIDA,,,,,,,,,,,,,
SCALE-500-O00-00085,500,0,0,0,0,0,0,0,0,0,0,0,0,0,0,0,0,,,0,,,,,,UNKNOWN_SEM_INTERVALO_DE_FILTRO_DEMONSTRADO,UNKNOWN_SERIE_TEMPORAL_NAO_ADQUIRIDA,,,,,,,,,,,,,
SCALE-500-O00-00086,500,0,0,0,0,0,0,0,0,0,0,0,0,0,0,0,0,,,0,,,,,,UNKNOWN_SEM_INTERVALO_DE_FILTRO_DEMONSTRADO,UNKNOWN_SERIE_TEMPORAL_NAO_ADQUIRIDA,,,,,,,,,,,,,
SCALE-500-O00-00087,500,0,0,0,0,0,0,0,0,0,0,0,0,0,0,0,0,,,0,,,,,,UNKNOWN_SEM_INTERVALO_DE_FILTRO_DEMONSTRADO,UNKNOWN_SERIE_TEMPORAL_NAO_ADQUIRIDA,,,,,,,,,,,,,
SCALE-500-O00-00088,500,0,0,0,0,0,0,0,0,0,0,0,0,0,0,0,0,,,0,,,,,,UNKNOWN_SEM_INTERVALO_DE_FILTRO_DEMONSTRADO,UNKNOWN_SERIE_TEMPORAL_NAO_ADQUIRIDA,,,,,,,,,,,,,
SCALE-500-O00-00089,500,0,0,0,0,0,0,0,0,0,0,0,0,0,0,0,0,,,0,,,,,,UNKNOWN_SEM_INTERVALO_DE_FILTRO_DEMONSTRADO,UNKNOWN_SERIE_TEMPORAL_NAO_ADQUIRIDA,,,,,,,,,,,,,
SCALE-500-O00-00090,500,0,0,0,0,0,0,0,0,0,0,0,0,0,0,0,0,,,0,,,,,,UNKNOWN_SEM_INTERVALO_DE_FILTRO_DEMONSTRADO,UNKNOWN_SERIE_TEMPORAL_NAO_ADQUIRIDA,,,,,,,,,,,,,
SCALE-500-O00-00091,500,1,0,0,0,0,0,0,0,0,0,0,0,0,0,0,0,,,0,,,,,,UNKNOWN_SEM_INTERVALO_DE_FILTRO_DEMONSTRADO,UNKNOWN_SERIE_TEMPORAL_NAO_ADQUIRIDA,0.0,0.0,0.0,0.0,0.0,0.0,0.0,0.0,0.0,0.0,0.0,0.0,0.0
SCALE-500-O00-00092,500,13,12,8,2,3,3,2,5,0,9,3,0,9,3,0,0,34.798798058823934,47.676269875493674,7,40.263660444772995,146.0,120.0,150.0,119.5,UNKNOWN_SEM_INTERVALO_DE_FILTRO_DEMONSTRADO,UNKNOWN_SERIE_TEMPORAL_NAO_ADQUIRIDA,92.3076923076923,61.53846153846154,15.384615384615385,23.076923076923077,23.076923076923077,15.384615384615385,38.46153846153847,69.23076923076923,23.076923076923077,0.0,69.23076923076923,23.076923076923077,0.0
SCALE-500-O00-00093,500,2,1,1,1,1,1,1,1,0,0,0,0,0,0,0,0,,,0,,90.0,90.0,90.0,58.0,UNKNOWN_SEM_INTERVALO_DE_FILTRO_DEMONSTRADO,UNKNOWN_SERIE_TEMPORAL_NAO_ADQUIRIDA,50.0,50.0,50.0,50.0,50.0,50.0,50.0,0.0,0.0,0.0,0.0,0.0,0.0
SCALE-500-O00-00094,500,6,6,6,0,0,0,0,0,0,5,0,0,5,0,0,0,24.408440967302546,24.56778715510928,1,0.7419727988938856,66.75,13.75,126.0,,UNKNOWN_SEM_INTERVALO_DE_FILTRO_DEMONSTRADO,UNKNOWN_SERIE_TEMPORAL_NAO_ADQUIRIDA,100.0,100.0,0.0,0.0,0.0,0.0,0.0,83.33333333333334,0.0,0.0,83.33333333333334,0.0,0.0
SCALE-500-O00-00095,500,0,0,0,0,0,0,0,0,0,0,0,0,0,0,0,0,,,0,,,,,,UNKNOWN_SEM_INTERVALO_DE_FILTRO_DEMONSTRADO,UNKNOWN_SERIE_TEMPORAL_NAO_ADQUIRIDA,,,,,,,,,,,,,
SCALE-500-O00-00096,500,7,5,2,0,0,0,0,0,0,2,2,0,2,2,0,0,17.13108414272709,17.137655119543865,1,0.03833069809783911,100.0,67.6,110.2,,UNKNOWN_SEM_INTERVALO_DE_FILTRO_DEMONSTRADO,UNKNOWN_SERIE_TEMPORAL_NAO_ADQUIRIDA,71.42857142857143,28.57142857142857,0.0,0.0,0.0,0.0,0.0,28.57142857142857,28.57142857142857,0.0,28.57142857142857,28.57142857142857,0.0
SCALE-500-O00-00097,500,145,130,40,3,1,1,10,1,0,45,9,0,47,7,0,0,25.202433999329212,44.56874542256172,21,56.168162248369235,107.5,60.0,604.9000000000003,395.5,UNKNOWN_SEM_INTERVALO_DE_FILTRO_DEMONSTRADO,UNKNOWN_SERIE_TEMPORAL_NAO_ADQUIRIDA,89.65517241379311,27.586206896551722,2.0689655172413794,0.6896551724137931,0.6896551724137931,6.896551724137931,0.6896551724137931,31.03448275862069,6.206896551724138,0.0,32.41379310344827,4.827586206896552,0.0
SCALE-500-O00-00098,500,17,17,6,0,0,0,0,0,0,6,2,0,6,2,0,0,21.140748954461763,55.36321758831461,6,49.19745100857649,92.3,46.400000000000006,130.0,,UNKNOWN_SEM_INTERVALO_DE_FILTRO_DEMONSTRADO,UNKNOWN_SERIE_TEMPORAL_NAO_ADQUIRIDA,100.0,35.294117647058826,0.0,0.0,0.0,0.0,0.0,35.294117647058826,11.76470588235294,0.0,35.294117647058826,11.76470588235294,0.0
SCALE-500-O00-00099,500,29,25,5,1,1,0,1,1,0,6,2,0,6,2,0,0,21.20508976912599,42.79485547273387,6,35.96788435080802,70.0,56.6,115.0,95.0,UNKNOWN_SEM_INTERVALO_DE_FILTRO_DEMONSTRADO,UNKNOWN_SERIE_TEMPORAL_NAO_ADQUIRIDA,86.20689655172413,17.24137931034483,3.4482758620689653,3.4482758620689653,0.0,3.4482758620689653,3.4482758620689653,20.689655172413794,6.896551724137931,0.0,20.689655172413794,6.896551724137931,0.0
SCALE-500-O00-00100,500,24,24,5,1,1,0,1,1,0,6,5,0,6,5,0,0,18.302908341718172,23.081925022416613,6,18.105779037215,79.0,58.6,141.4,76.0,UNKNOWN_SEM_INTERVALO_DE_FILTRO_DEMONSTRADO,UNKNOWN_SERIE_TEMPORAL_NAO_ADQUIRIDA,100.0,20.833333333333336,4.166666666666666,4.166666666666666,0.0,4.166666666666666,4.166666666666666,25.0,20.833333333333336,0.0,25.0,20.833333333333336,0.0
SCALE-500-O00-00101,500,52,48,27,5,7,6,5,4,0,28,11,1,28,11,1,0,23.64182700534576,46.28650827874632,20,45.632696085477455,120.75,80.0,162.53800000000004,97.0,UNKNOWN_SEM_INTERVALO_DE_FILTRO_DEMONSTRADO,UNKNOWN_SERIE_TEMPORAL_NAO_ADQUIRIDA,92.3076923076923,51.92307692307693,9.615384615384617,13.461538461538462,11.538461538461538,9.615384615384617,7.6923076923076925,53.84615384615385,21.153846153846153,1.9230769230769231,53.84615384615385,21.153846153846153,1.9230769230769231
SCALE-500-O00-00102,500,8,7,4,2,2,1,0,2,0,5,3,0,5,3,0,0,17.730685777257577,29.567205349870292,7,34.431918519887475,120.0,88.8,130.0,,UNKNOWN_SEM_INTERVALO_DE_FILTRO_DEMONSTRADO,UNKNOWN_SERIE_TEMPORAL_NAO_ADQUIRIDA,87.5,50.0,25.0,25.0,12.5,0.0,25.0,62.5,37.5,0.0,62.5,37.5,0.0
SCALE-500-O00-00103,500,52,51,31,2,2,2,0,2,0,26,15,2,29,13,0,0,18.806683231004058,36.81554036017167,15,31.250470577766826,131.0,80.0,152.0,,UNKNOWN_SEM_INTERVALO_DE_FILTRO_DEMONSTRADO,UNKNOWN_SERIE_TEMPORAL_NAO_ADQUIRIDA,98.07692307692307,59.61538461538461,3.8461538461538463,3.8461538461538463,3.8461538461538463,0.0,3.8461538461538463,50.0,28.846153846153843,3.8461538461538463,55.769230769230774,25.0,0.0
SCALE-500-O00-00104,500,23,23,10,3,3,3,1,3,0,12,2,0,13,1,0,0,18.573961135410034,31.715367187553476,8,34.733088290656205,115.0,76.0,138.0,70.0,UNKNOWN_SEM_INTERVALO_DE_FILTRO_DEMONSTRADO,UNKNOWN_SERIE_TEMPORAL_NAO_ADQUIRIDA,100.0,43.47826086956522,13.043478260869565,13.043478260869565,13.043478260869565,4.3478260869565215,13.043478260869565,52.17391304347826,8.695652173913043,0.0,56.52173913043478,4.3478260869565215,0.0
SCALE-500-O00-00105,500,1,1,0,0,0,0,0,0,0,0,0,0,0,0,0,0,,,0,,150.0,150.0,150.0,,UNKNOWN_SEM_INTERVALO_DE_FILTRO_DEMONSTRADO,UNKNOWN_SERIE_TEMPORAL_NAO_ADQUIRIDA,100.0,0.0,0.0,0.0,0.0,0.0,0.0,0.0,0.0,0.0,0.0,0.0,0.0
SCALE-500-O00-00106,500,6,6,4,1,1,1,0,1,0,4,2,0,4,2,0,0,30.8753773178094,46.16111213782624,5,32.411343148729955,94.75,82.0,103.0,,UNKNOWN_SEM_INTERVALO_DE_FILTRO_DEMONSTRADO,UNKNOWN_SERIE_TEMPORAL_NAO_ADQUIRIDA,100.0,66.66666666666666,16.666666666666664,16.666666666666664,16.666666666666664,0.0,16.666666666666664,66.66666666666666,33.33333333333333,0.0,66.66666666666666,33.33333333333333,0.0
SCALE-500-O00-00107,500,0,0,0,0,0,0,0,0,0,0,0,0,0,0,0,0,,,0,,,,,,UNKNOWN_SEM_INTERVALO_DE_FILTRO_DEMONSTRADO,UNKNOWN_SERIE_TEMPORAL_NAO_ADQUIRIDA,,,,,,,,,,,,,
SCALE-500-O00-00108,500,0,0,0,0,0,0,0,0,0,0,0,0,0,0,0,0,,,0,,,,,,UNKNOWN_SEM_INTERVALO_DE_FILTRO_DEMONSTRADO,UNKNOWN_SERIE_TEMPORAL_NAO_ADQUIRIDA,,,,,,,,,,,,,
SCALE-500-O00-00109,500,0,0,0,0,0,0,0,0,0,0,0,0,0,0,0,0,,,0,,,,,,UNKNOWN_SEM_INTERVALO_DE_FILTRO_DEMONSTRADO,UNKNOWN_SERIE_TEMPORAL_NAO_ADQUIRIDA,,,,,,,,,,,,,
SCALE-500-O00-00110,500,1,1,1,0,0,0,0,1,0,1,1,0,1,1,0,0,15.72106203412801,15.72106203412801,2,4.443623072342348,60.0,60.0,60.0,,UNKNOWN_SEM_INTERVALO_DE_FILTRO_DEMONSTRADO,UNKNOWN_SERIE_TEMPORAL_NAO_ADQUIRIDA,100.0,100.0,0.0,0.0,0.0,0.0,100.0,100.0,100.0,0.0,100.0,100.0,0.0
SCALE-500-O00-00111,500,0,0,0,0,0,0,0,0,0,0,0,0,0,0,0,0,,,0,,,,,,UNKNOWN_SEM_INTERVALO_DE_FILTRO_DEMONSTRADO,UNKNOWN_SERIE_TEMPORAL_NAO_ADQUIRIDA,,,,,,,,,,,,,
SCALE-500-O00-00112,500,16,16,11,0,0,0,0,0,0,9,0,0,9,0,0,0,24.411178874309535,42.623188703395684,6,28.45232961662457,98.0,80.5,185.0,,UNKNOWN_SEM_INTERVALO_DE_FILTRO_DEMONSTRADO,UNKNOWN_SERIE_TEMPORAL_NAO_ADQUIRIDA,100.0,68.75,0.0,0.0,0.0,0.0,0.0,56.25,0.0,0.0,56.25,0.0,0.0
SCALE-500-O00-00113,500,1,1,1,0,0,0,0,0,0,1,0,0,1,0,0,0,23.970375846184385,23.970375846184385,1,,21.0,21.0,21.0,,UNKNOWN_SEM_INTERVALO_DE_FILTRO_DEMONSTRADO,UNKNOWN_SERIE_TEMPORAL_NAO_ADQUIRIDA,100.0,100.0,0.0,0.0,0.0,0.0,0.0,100.0,0.0,0.0,100.0,0.0,0.0
SCALE-500-O00-00114,500,2,2,1,0,0,0,0,0,0,1,0,0,1,0,0,0,20.610963948609484,20.610963948609484,1,,98.0,67.6,128.4,,UNKNOWN_SEM_INTERVALO_DE_FILTRO_DEMONSTRADO,UNKNOWN_SERIE_TEMPORAL_NAO_ADQUIRIDA,100.0,50.0,0.0,0.0,0.0,0.0,0.0,50.0,0.0,0.0,50.0,0.0,0.0
SCALE-500-O00-00115,500,0,0,0,0,0,0,0,0,0,0,0,0,0,0,0,0,,,0,,,,,,UNKNOWN_SEM_INTERVALO_DE_FILTRO_DEMONSTRADO,UNKNOWN_SERIE_TEMPORAL_NAO_ADQUIRIDA,,,,,,,,,,,,,
SCALE-500-O00-00116,500,3,2,0,1,1,0,0,0,0,1,0,0,1,0,0,0,6.9816628678206945,6.9816628678206945,1,,150.0,126.0,174.0,,UNKNOWN_SEM_INTERVALO_DE_FILTRO_DEMONSTRADO,UNKNOWN_SERIE_TEMPORAL_NAO_ADQUIRIDA,66.66666666666666,0.0,33.33333333333333,33.33333333333333,0.0,0.0,0.0,33.33333333333333,0.0,0.0,33.33333333333333,0.0,0.0
SCALE-500-O00-00117,500,4,4,0,1,1,1,2,3,0,3,3,0,3,3,0,0,10.516300813842857,39.61477648411672,3,36.64962319554816,175.0,146.0,204.0,121.8,UNKNOWN_SEM_INTERVALO_DE_FILTRO_DEMONSTRADO,UNKNOWN_SERIE_TEMPORAL_NAO_ADQUIRIDA,100.0,0.0,25.0,25.0,25.0,50.0,75.0,75.0,75.0,0.0,75.0,75.0,0.0
SCALE-500-O00-00118,500,1,0,0,0,0,0,0,0,0,0,0,0,0,0,0,0,,,0,,,,,,UNKNOWN_SEM_INTERVALO_DE_FILTRO_DEMONSTRADO,UNKNOWN_SERIE_TEMPORAL_NAO_ADQUIRIDA,0.0,0.0,0.0,0.0,0.0,0.0,0.0,0.0,0.0,0.0,0.0,0.0,0.0
SCALE-500-O00-00119,500,7,7,5,1,0,0,1,0,0,4,1,0,4,1,0,0,24.401596199785075,25.07922818401473,4,18.39599717995578,81.0,18.0,110.4,5.0,UNKNOWN_SEM_INTERVALO_DE_FILTRO_DEMONSTRADO,UNKNOWN_SERIE_TEMPORAL_NAO_ADQUIRIDA,100.0,71.42857142857143,14.285714285714285,0.0,0.0,14.285714285714285,0.0,57.14285714285714,14.285714285714285,0.0,57.14285714285714,14.285714285714285,0.0
SCALE-500-O00-00120,500,19,16,0,0,0,0,0,0,0,0,0,0,0,0,0,0,,,0,,100.0,73.0,104.0,,UNKNOWN_SEM_INTERVALO_DE_FILTRO_DEMONSTRADO,UNKNOWN_SERIE_TEMPORAL_NAO_ADQUIRIDA,84.21052631578947,0.0,0.0,0.0,0.0,0.0,0.0,0.0,0.0,0.0,0.0,0.0,0.0
SCALE-500-O00-00121,500,17,15,3,1,1,1,1,1,0,2,2,1,2,2,0,0,15.686838196540656,16.916706024079893,2,3.1677584070857034,110.0,62.2,529.9999999999998,11.0,UNKNOWN_SEM_INTERVALO_DE_FILTRO_DEMONSTRADO,UNKNOWN_SERIE_TEMPORAL_NAO_ADQUIRIDA,88.23529411764706,17.647058823529413,5.88235294117647,5.88235294117647,5.88235294117647,5.88235294117647,5.88235294117647,11.76470588235294,11.76470588235294,5.88235294117647,11.76470588235294,11.76470588235294,0.0
SCALE-500-O00-00122,500,73,70,26,2,1,0,4,1,0,27,9,0,29,7,0,0,17.859367406586035,46.196704928917086,13,52.808750350794334,100.0,60.0,204.20000000000005,26.0,UNKNOWN_SEM_INTERVALO_DE_FILTRO_DEMONSTRADO,UNKNOWN_SERIE_TEMPORAL_NAO_ADQUIRIDA,95.8904109589041,35.61643835616438,2.73972602739726,1.36986301369863,0.0,5.47945205479452,1.36986301369863,36.986301369863014,12.32876712328767,0.0,39.726027397260275,9.58904109589041,0.0
SCALE-500-O00-00123,500,35,28,4,2,1,0,3,1,0,5,2,0,5,2,0,0,19.157135327898587,43.85469927513912,5,34.37442247274071,123.0,74.1,311.70000000000005,353.0,UNKNOWN_SEM_INTERVALO_DE_FILTRO_DEMONSTRADO,UNKNOWN_SERIE_TEMPORAL_NAO_ADQUIRIDA,80.0,11.428571428571429,5.714285714285714,2.857142857142857,0.0,8.571428571428571,2.857142857142857,14.285714285714285,5.714285714285714,0.0,14.285714285714285,5.714285714285714,0.0
SCALE-500-O00-00124,500,13,3,1,0,0,0,0,0,0,1,0,0,1,0,0,0,16.89562414012608,16.89562414012608,1,,91.0,87.0,100.6,,UNKNOWN_SEM_INTERVALO_DE_FILTRO_DEMONSTRADO,UNKNOWN_SERIE_TEMPORAL_NAO_ADQUIRIDA,23.076923076923077,7.6923076923076925,0.0,0.0,0.0,0.0,0.0,7.6923076923076925,0.0,0.0,7.6923076923076925,0.0,0.0
SCALE-500-O00-00125,500,6,6,5,1,1,0,2,1,0,6,3,0,6,3,0,0,21.38852953859422,40.32115649191975,5,28.865753574679836,120.0,70.0,130.0,25.35,UNKNOWN_SEM_INTERVALO_DE_FILTRO_DEMONSTRADO,UNKNOWN_SERIE_TEMPORAL_NAO_ADQUIRIDA,100.0,83.33333333333334,16.666666666666664,16.666666666666664,0.0,33.33333333333333,16.666666666666664,100.0,50.0,0.0,100.0,50.0,0.0
SCALE-500-O00-00126,500,31,31,15,4,5,5,2,7,0,16,6,0,16,6,0,0,30.475642894789075,48.447264488661645,10,36.63593366051322,98.0,70.3,610.0,263.0,UNKNOWN_SEM_INTERVALO_DE_FILTRO_DEMONSTRADO,UNKNOWN_SERIE_TEMPORAL_NAO_ADQUIRIDA,100.0,48.38709677419355,12.903225806451612,16.129032258064516,16.129032258064516,6.451612903225806,22.58064516129032,51.61290322580645,19.35483870967742,0.0,51.61290322580645,19.35483870967742,0.0
SCALE-500-O00-00127,500,2,2,1,0,0,0,0,0,0,1,1,0,1,1,0,0,17.451419262544746,17.451419262544746,1,0.03285488408386209,76.5,63.3,89.7,,UNKNOWN_SEM_INTERVALO_DE_FILTRO_DEMONSTRADO,UNKNOWN_SERIE_TEMPORAL_NAO_ADQUIRIDA,100.0,50.0,0.0,0.0,0.0,0.0,0.0,50.0,50.0,0.0,50.0,50.0,0.0
SCALE-500-O00-00128,500,1,1,1,1,1,1,0,1,0,1,1,1,1,1,1,0,2.7543344490304387,2.7543344490304387,3,9.232222427565247,61.4,61.4,61.4,,UNKNOWN_SEM_INTERVALO_DE_FILTRO_DEMONSTRADO,UNKNOWN_SERIE_TEMPORAL_NAO_ADQUIRIDA,100.0,100.0,100.0,100.0,100.0,0.0,100.0,100.0,100.0,100.0,100.0,100.0,100.0
SCALE-500-O00-00129,500,0,0,0,0,0,0,0,0,0,0,0,0,0,0,0,0,,,0,,,,,,UNKNOWN_SEM_INTERVALO_DE_FILTRO_DEMONSTRADO,UNKNOWN_SERIE_TEMPORAL_NAO_ADQUIRIDA,,,,,,,,,,,,,
SCALE-500-O00-00130,500,0,0,0,0,0,0,0,0,0,0,0,0,0,0,0,0,,,0,,,,,,UNKNOWN_SEM_INTERVALO_DE_FILTRO_DEMONSTRADO,UNKNOWN_SERIE_TEMPORAL_NAO_ADQUIRIDA,,,,,,,,,,,,,
SCALE-500-O00-00131,500,11,11,4,1,1,1,0,4,0,6,3,0,6,3,0,0,30.456477545740157,40.1185513734026,5,29.542016605405998,118.0,88.0,128.0,,UNKNOWN_SEM_INTERVALO_DE_FILTRO_DEMONSTRADO,UNKNOWN_SERIE_TEMPORAL_NAO_ADQUIRIDA,100.0,36.36363636363637,9.090909090909092,9.090909090909092,9.090909090909092,0.0,36.36363636363637,54.54545454545454,27.27272727272727,0.0,54.54545454545454,27.27272727272727,0.0
SCALE-500-O00-00132,500,0,0,0,0,0,0,0,0,0,0,0,0,0,0,0,0,,,0,,,,,,UNKNOWN_SEM_INTERVALO_DE_FILTRO_DEMONSTRADO,UNKNOWN_SERIE_TEMPORAL_NAO_ADQUIRIDA,,,,,,,,,,,,,
SCALE-500-O00-00133,500,0,0,0,0,0,0,0,0,0,0,0,0,0,0,0,0,,,0,,,,,,UNKNOWN_SEM_INTERVALO_DE_FILTRO_DEMONSTRADO,UNKNOWN_SERIE_TEMPORAL_NAO_ADQUIRIDA,,,,,,,,,,,,,
SCALE-500-O00-00134,500,0,0,0,0,0,0,0,0,0,0,0,0,0,0,0,0,,,0,,,,,,UNKNOWN_SEM_INTERVALO_DE_FILTRO_DEMONSTRADO,UNKNOWN_SERIE_TEMPORAL_NAO_ADQUIRIDA,,,,,,,,,,,,,
SCALE-500-O00-00135,500,0,0,0,0,0,0,0,0,0,0,0,0,0,0,0,0,,,0,,,,,,UNKNOWN_SEM_INTERVALO_DE_FILTRO_DEMONSTRADO,UNKNOWN_SERIE_TEMPORAL_NAO_ADQUIRIDA,,,,,,,,,,,,,
SCALE-500-O00-00136,500,0,0,0,0,0,0,0,0,0,0,0,0,0,0,0,0,,,0,,,,,,UNKNOWN_SEM_INTERVALO_DE_FILTRO_DEMONSTRADO,UNKNOWN_SERIE_TEMPORAL_NAO_ADQUIRIDA,,,,,,,,,,,,,
SCALE-500-O00-00137,500,0,0,0,0,0,0,0,0,0,0,0,0,0,0,0,0,,,0,,,,,,UNKNOWN_SEM_INTERVALO_DE_FILTRO_DEMONSTRADO,UNKNOWN_SERIE_TEMPORAL_NAO_ADQUIRIDA,,,,,,,,,,,,,
SCALE-500-O00-00138,500,1,1,0,0,0,0,0,0,0,0,0,0,0,0,0,0,,,0,,150.0,150.0,150.0,,UNKNOWN_SEM_INTERVALO_DE_FILTRO_DEMONSTRADO,UNKNOWN_SERIE_TEMPORAL_NAO_ADQUIRIDA,100.0,0.0,0.0,0.0,0.0,0.0,0.0,0.0,0.0,0.0,0.0,0.0,0.0
SCALE-500-O00-00139,500,0,0,0,0,0,0,0,0,0,0,0,0,0,0,0,0,,,0,,,,,,UNKNOWN_SEM_INTERVALO_DE_FILTRO_DEMONSTRADO,UNKNOWN_SERIE_TEMPORAL_NAO_ADQUIRIDA,,,,,,,,,,,,,
SCALE-500-O00-00140,500,3,3,0,0,0,0,0,0,0,0,0,0,0,0,0,0,,,0,,110.0,104.4,111.6,,UNKNOWN_SEM_INTERVALO_DE_FILTRO_DEMONSTRADO,UNKNOWN_SERIE_TEMPORAL_NAO_ADQUIRIDA,100.0,0.0,0.0,0.0,0.0,0.0,0.0,0.0,0.0,0.0,0.0,0.0,0.0
SCALE-500-O00-00141,500,0,0,0,0,0,0,0,0,0,0,0,0,0,0,0,0,,,0,,,,,,UNKNOWN_SEM_INTERVALO_DE_FILTRO_DEMONSTRADO,UNKNOWN_SERIE_TEMPORAL_NAO_ADQUIRIDA,,,,,,,,,,,,,
SCALE-500-O00-00142,500,1,1,0,0,0,0,0,0,0,0,0,0,0,0,0,0,,,0,,80.0,80.0,80.0,,UNKNOWN_SEM_INTERVALO_DE_FILTRO_DEMONSTRADO,UNKNOWN_SERIE_TEMPORAL_NAO_ADQUIRIDA,100.0,0.0,0.0,0.0,0.0,0.0,0.0,0.0,0.0,0.0,0.0,0.0,0.0
SCALE-500-O00-00143,500,1,1,0,0,0,0,0,0,0,0,0,0,0,0,0,0,,,0,,60.0,60.0,60.0,,UNKNOWN_SEM_INTERVALO_DE_FILTRO_DEMONSTRADO,UNKNOWN_SERIE_TEMPORAL_NAO_ADQUIRIDA,100.0,0.0,0.0,0.0,0.0,0.0,0.0,0.0,0.0,0.0,0.0,0.0,0.0
SCALE-500-O00-00144,500,1,0,0,0,0,0,0,0,0,0,0,0,0,0,0,0,,,0,,,,,,UNKNOWN_SEM_INTERVALO_DE_FILTRO_DEMONSTRADO,UNKNOWN_SERIE_TEMPORAL_NAO_ADQUIRIDA,0.0,0.0,0.0,0.0,0.0,0.0,0.0,0.0,0.0,0.0,0.0,0.0,0.0
SCALE-500-O00-00145,500,5,5,0,0,0,0,0,0,0,0,0,0,0,0,0,0,,,0,,100.0,100.0,112.0,,UNKNOWN_SEM_INTERVALO_DE_FILTRO_DEMONSTRADO,UNKNOWN_SERIE_TEMPORAL_NAO_ADQUIRIDA,100.0,0.0,0.0,0.0,0.0,0.0,0.0,0.0,0.0,0.0,0.0,0.0,0.0
SCALE-500-O00-00146,500,18,16,1,1,1,0,1,1,0,2,1,0,2,1,0,0,17.6772965906213,23.942722985413802,3,15.663565986981252,90.0,60.0,120.0,3.0,UNKNOWN_SEM_INTERVALO_DE_FILTRO_DEMONSTRADO,UNKNOWN_SERIE_TEMPORAL_NAO_ADQUIRIDA,88.88888888888889,5.555555555555555,5.555555555555555,5.555555555555555,0.0,5.555555555555555,5.555555555555555,11.11111111111111,5.555555555555555,0.0,11.11111111111111,5.555555555555555,0.0
SCALE-500-O00-00147,500,31,29,8,1,0,0,5,1,0,12,7,0,12,7,0,0,16.798428441377986,17.976002245083748,5,35.735162255214,125.0,66.4,185.4,10.0,UNKNOWN_SEM_INTERVALO_DE_FILTRO_DEMONSTRADO,UNKNOWN_SERIE_TEMPORAL_NAO_ADQUIRIDA,93.54838709677419,25.806451612903224,3.225806451612903,0.0,0.0,16.129032258064516,3.225806451612903,38.70967741935484,22.58064516129032,0.0,38.70967741935484,22.58064516129032,0.0
SCALE-500-O00-00148,500,9,7,6,2,2,2,1,4,0,5,5,0,6,4,0,0,16.427442041931045,28.913666947302136,4,23.984065381219327,60.0,53.6,64.0,50.0,UNKNOWN_SEM_INTERVALO_DE_FILTRO_DEMONSTRADO,UNKNOWN_SERIE_TEMPORAL_NAO_ADQUIRIDA,77.77777777777779,66.66666666666666,22.22222222222222,22.22222222222222,22.22222222222222,11.11111111111111,44.44444444444444,55.55555555555556,55.55555555555556,0.0,66.66666666666666,44.44444444444444,0.0
SCALE-500-O00-00149,500,4,4,1,1,1,1,1,0,0,1,1,0,1,1,0,0,16.427442041931045,16.427442041931045,1,0.22998418858703465,85.0,66.0,118.0,48.0,UNKNOWN_SEM_INTERVALO_DE_FILTRO_DEMONSTRADO,UNKNOWN_SERIE_TEMPORAL_NAO_ADQUIRIDA,100.0,25.0,25.0,25.0,25.0,25.0,0.0,25.0,25.0,0.0,25.0,25.0,0.0
SCALE-500-O00-00150,500,2,2,1,0,0,0,0,0,0,1,1,0,1,1,0,0,16.85455553502125,16.85455553502125,1,0.05475814013977015,65.5,25.1,105.9,,UNKNOWN_SEM_INTERVALO_DE_FILTRO_DEMONSTRADO,UNKNOWN_SERIE_TEMPORAL_NAO_ADQUIRIDA,100.0,50.0,0.0,0.0,0.0,0.0,0.0,50.0,50.0,0.0,50.0,50.0,0.0
SCALE-500-O00-00151,500,2,1,0,0,0,0,0,0,0,0,0,0,0,0,0,0,,,0,,120.0,120.0,120.0,,UNKNOWN_SEM_INTERVALO_DE_FILTRO_DEMONSTRADO,UNKNOWN_SERIE_TEMPORAL_NAO_ADQUIRIDA,50.0,0.0,0.0,0.0,0.0,0.0,0.0,0.0,0.0,0.0,0.0,0.0,0.0
SCALE-500-O00-00152,500,8,8,5,0,0,0,0,0,0,5,5,0,5,5,0,0,16.99145088537068,17.027591257862927,2,6.409440303360096,106.0,88.4,122.4,,UNKNOWN_SEM_INTERVALO_DE_FILTRO_DEMONSTRADO,UNKNOWN_SERIE_TEMPORAL_NAO_ADQUIRIDA,100.0,62.5,0.0,0.0,0.0,0.0,0.0,62.5,62.5,0.0,62.5,62.5,0.0
SCALE-500-O00-00153,500,0,0,0,0,0,0,0,0,0,0,0,0,0,0,0,0,,,0,,,,,,UNKNOWN_SEM_INTERVALO_DE_FILTRO_DEMONSTRADO,UNKNOWN_SERIE_TEMPORAL_NAO_ADQUIRIDA,,,,,,,,,,,,,
SCALE-500-O00-00154,500,0,0,0,0,0,0,0,0,0,0,0,0,0,0,0,0,,,0,,,,,,UNKNOWN_SEM_INTERVALO_DE_FILTRO_DEMONSTRADO,UNKNOWN_SERIE_TEMPORAL_NAO_ADQUIRIDA,,,,,,,,,,,,,
SCALE-500-O00-00155,500,1,1,1,0,0,0,0,0,0,1,0,0,1,0,0,0,30.869901503795422,30.869901503795422,1,,118.0,118.0,118.0,,UNKNOWN_SEM_INTERVALO_DE_FILTRO_DEMONSTRADO,UNKNOWN_SERIE_TEMPORAL_NAO_ADQUIRIDA,100.0,100.0,0.0,0.0,0.0,0.0,0.0,100.0,0.0,0.0,100.0,0.0,0.0
SCALE-500-O00-00156,500,3,3,0,0,0,0,0,2,0,1,1,0,1,1,0,0,42.848244659370145,42.848244659370145,1,0.030116977076873584,131.0,127.0,142.6,,UNKNOWN_SEM_INTERVALO_DE_FILTRO_DEMONSTRADO,UNKNOWN_SERIE_TEMPORAL_NAO_ADQUIRIDA,100.0,0.0,0.0,0.0,0.0,0.0,66.66666666666666,33.33333333333333,33.33333333333333,0.0,33.33333333333333,33.33333333333333,0.0
SCALE-500-O00-00157,500,0,0,0,0,0,0,0,0,0,0,0,0,0,0,0,0,,,0,,,,,,UNKNOWN_SEM_INTERVALO_DE_FILTRO_DEMONSTRADO,UNKNOWN_SERIE_TEMPORAL_NAO_ADQUIRIDA,,,,,,,,,,,,,
SCALE-500-O00-00158,500,0,0,0,0,0,0,0,0,0,0,0,0,0,0,0,0,,,0,,,,,,UNKNOWN_SEM_INTERVALO_DE_FILTRO_DEMONSTRADO,UNKNOWN_SERIE_TEMPORAL_NAO_ADQUIRIDA,,,,,,,,,,,,,
SCALE-500-O00-00159,500,0,0,0,0,0,0,0,0,0,0,0,0,0,0,0,0,,,0,,,,,,UNKNOWN_SEM_INTERVALO_DE_FILTRO_DEMONSTRADO,UNKNOWN_SERIE_TEMPORAL_NAO_ADQUIRIDA,,,,,,,,,,,,,
SCALE-500-O00-00160,500,0,0,0,0,0,0,0,0,0,0,0,0,0,0,0,0,,,0,,,,,,UNKNOWN_SEM_INTERVALO_DE_FILTRO_DEMONSTRADO,UNKNOWN_SERIE_TEMPORAL_NAO_ADQUIRIDA,,,,,,,,,,,,,
SCALE-500-O00-00161,500,0,0,0,0,0,0,0,0,0,0,0,0,0,0,0,0,,,0,,,,,,UNKNOWN_SEM_INTERVALO_DE_FILTRO_DEMONSTRADO,UNKNOWN_SERIE_TEMPORAL_NAO_ADQUIRIDA,,,,,,,,,,,,,
SCALE-500-O00-00162,500,0,0,0,0,0,0,0,0,0,0,0,0,0,0,0,0,,,0,,,,,,UNKNOWN_SEM_INTERVALO_DE_FILTRO_DEMONSTRADO,UNKNOWN_SERIE_TEMPORAL_NAO_ADQUIRIDA,,,,,,,,,,,,,
SCALE-500-O00-00163,500,1,1,1,0,0,0,0,0,0,1,0,0,1,0,0,0,16.89562414012608,16.89562414012608,1,,102.0,102.0,102.0,,UNKNOWN_SEM_INTERVALO_DE_FILTRO_DEMONSTRADO,UNKNOWN_SERIE_TEMPORAL_NAO_ADQUIRIDA,100.0,100.0,0.0,0.0,0.0,0.0,0.0,100.0,0.0,0.0,100.0,0.0,0.0
SCALE-500-O00-00164,500,0,0,0,0,0,0,0,0,0,0,0,0,0,0,0,0,,,0,,,,,,UNKNOWN_SEM_INTERVALO_DE_FILTRO_DEMONSTRADO,UNKNOWN_SERIE_TEMPORAL_NAO_ADQUIRIDA,,,,,,,,,,,,,
SCALE-500-O00-00165,500,3,3,2,2,1,1,1,1,0,3,0,0,3,0,0,0,16.835390185972333,34.98661847950334,3,32.5427626850654,93.0,93.0,135.4,6.0,UNKNOWN_SEM_INTERVALO_DE_FILTRO_DEMONSTRADO,UNKNOWN_SERIE_TEMPORAL_NAO_ADQUIRIDA,100.0,66.66666666666666,66.66666666666666,33.33333333333333,33.33333333333333,33.33333333333333,33.33333333333333,100.0,0.0,0.0,100.0,0.0,0.0
SCALE-500-O00-00166,500,2,2,0,0,0,0,0,0,0,1,1,0,1,1,0,0,6.97071123979274,6.97071123979274,2,15.091343422520653,111.0,103.8,118.2,,UNKNOWN_SEM_INTERVALO_DE_FILTRO_DEMONSTRADO,UNKNOWN_SERIE_TEMPORAL_NAO_ADQUIRIDA,100.0,0.0,0.0,0.0,0.0,0.0,0.0,50.0,50.0,0.0,50.0,50.0,0.0
SCALE-500-O00-00167,500,1,1,1,1,1,1,1,0,0,1,1,0,1,1,0,0,15.033847375373895,15.033847375373895,1,0.6242427975933798,100.0,100.0,100.0,90.0,UNKNOWN_SEM_INTERVALO_DE_FILTRO_DEMONSTRADO,UNKNOWN_SERIE_TEMPORAL_NAO_ADQUIRIDA,100.0,100.0,100.0,100.0,100.0,100.0,0.0,100.0,100.0,0.0,100.0,100.0,0.0
SCALE-500-O00-00168,500,3,3,1,0,0,0,0,0,0,1,1,0,1,1,0,0,16.62457134643422,16.62457134643422,2,0.03833069809783911,513.0,182.60000000000002,546.6,,UNKNOWN_SEM_INTERVALO_DE_FILTRO_DEMONSTRADO,UNKNOWN_SERIE_TEMPORAL_NAO_ADQUIRIDA,100.0,33.33333333333333,0.0,0.0,0.0,0.0,0.0,33.33333333333333,33.33333333333333,0.0,33.33333333333333,33.33333333333333,0.0
SCALE-500-O00-00169,500,10,5,1,1,1,0,2,1,0,2,2,0,2,2,0,0,16.557492624763,21.605097982847013,4,28.315434266275144,198.0,116.2,220.0,4.0,UNKNOWN_SEM_INTERVALO_DE_FILTRO_DEMONSTRADO,UNKNOWN_SERIE_TEMPORAL_NAO_ADQUIRIDA,50.0,10.0,10.0,10.0,0.0,20.0,10.0,20.0,20.0,0.0,20.0,20.0,0.0
SCALE-500-O00-00170,500,19,19,12,0,0,0,2,0,0,11,8,0,12,7,0,0,19.157135327898587,22.10148052321403,7,24.186670499736476,140.0,83.0,222.0,34.0,UNKNOWN_SEM_INTERVALO_DE_FILTRO_DEMONSTRADO,UNKNOWN_SERIE_TEMPORAL_NAO_ADQUIRIDA,100.0,63.1578947368421,0.0,0.0,0.0,10.526315789473683,0.0,57.89473684210527,42.10526315789473,0.0,63.1578947368421,36.84210526315789,0.0
SCALE-500-O00-00171,500,4,2,0,0,0,0,0,0,0,0,0,0,0,0,0,0,,,0,,164.75,80.55,248.95000000000002,,UNKNOWN_SEM_INTERVALO_DE_FILTRO_DEMONSTRADO,UNKNOWN_SERIE_TEMPORAL_NAO_ADQUIRIDA,50.0,0.0,0.0,0.0,0.0,0.0,0.0,0.0,0.0,0.0,0.0,0.0,0.0
SCALE-500-O00-00172,500,4,4,4,2,2,2,0,2,0,4,1,0,4,1,0,0,28.400309383491788,37.4997433212181,4,23.493980026968384,118.5,100.6,167.97,,UNKNOWN_SEM_INTERVALO_DE_FILTRO_DEMONSTRADO,UNKNOWN_SERIE_TEMPORAL_NAO_ADQUIRIDA,100.0,100.0,50.0,50.0,50.0,0.0,50.0,100.0,25.0,0.0,100.0,25.0,0.0
SCALE-500-O00-00173,500,48,45,23,13,11,9,8,12,0,27,8,0,28,7,0,0,30.41540894063533,41.03520263934235,14,40.97004045257603,140.0,92.0,302.8,3.5,UNKNOWN_SEM_INTERVALO_DE_FILTRO_DEMONSTRADO,UNKNOWN_SERIE_TEMPORAL_NAO_ADQUIRIDA,93.75,47.91666666666667,27.083333333333332,22.916666666666664,18.75,16.666666666666664,25.0,56.25,16.666666666666664,0.0,58.333333333333336,14.583333333333334,0.0
SCALE-500-O00-00174,500,4,1,0,0,0,0,0,0,0,0,0,0,0,0,0,0,,,0,,60.0,60.0,60.0,,UNKNOWN_SEM_INTERVALO_DE_FILTRO_DEMONSTRADO,UNKNOWN_SERIE_TEMPORAL_NAO_ADQUIRIDA,25.0,0.0,0.0,0.0,0.0,0.0,0.0,0.0,0.0,0.0,0.0,0.0,0.0
SCALE-500-O00-00175,500,1,1,0,0,0,0,1,0,0,0,0,0,0,0,0,0,,,0,,3003.0,3003.0,3003.0,577.0,UNKNOWN_SEM_INTERVALO_DE_FILTRO_DEMONSTRADO,UNKNOWN_SERIE_TEMPORAL_NAO_ADQUIRIDA,100.0,0.0,0.0,0.0,0.0,100.0,0.0,0.0,0.0,0.0,0.0,0.0,0.0
SCALE-500-O00-00176,500,1,1,0,0,0,0,0,0,0,0,0,0,0,0,0,0,,,0,,3003.0,3003.0,3003.0,,UNKNOWN_SEM_INTERVALO_DE_FILTRO_DEMONSTRADO,UNKNOWN_SERIE_TEMPORAL_NAO_ADQUIRIDA,100.0,0.0,0.0,0.0,0.0,0.0,0.0,0.0,0.0,0.0,0.0,0.0,0.0
SCALE-500-O00-00177,500,0,0,0,0,0,0,0,0,0,0,0,0,0,0,0,0,,,0,,,,,,UNKNOWN_SEM_INTERVALO_DE_FILTRO_DEMONSTRADO,UNKNOWN_SERIE_TEMPORAL_NAO_ADQUIRIDA,,,,,,,,,,,,,
SCALE-500-O00-00178,500,3,2,1,0,0,0,0,0,0,1,1,0,1,1,0,0,17.722472056236608,17.722472056236608,2,2.7488586350164614,71.0,63.8,78.2,,UNKNOWN_SEM_INTERVALO_DE_FILTRO_DEMONSTRADO,UNKNOWN_SERIE_TEMPORAL_NAO_ADQUIRIDA,66.66666666666666,33.33333333333333,0.0,0.0,0.0,0.0,0.0,33.33333333333333,33.33333333333333,0.0,33.33333333333333,33.33333333333333,0.0
SCALE-500-O00-00179,500,2,2,2,1,1,1,0,1,0,2,0,0,2,0,0,0,31.836382677262367,37.89920395353772,2,15.157053190688378,134.0,122.8,145.2,,UNKNOWN_SEM_INTERVALO_DE_FILTRO_DEMONSTRADO,UNKNOWN_SERIE_TEMPORAL_NAO_ADQUIRIDA,100.0,100.0,50.0,50.0,50.0,0.0,50.0,100.0,0.0,0.0,100.0,0.0,0.0
SCALE-500-O00-00180,500,2,0,0,0,0,0,0,0,0,0,0,0,0,0,0,0,,,0,,,,,,UNKNOWN_SEM_INTERVALO_DE_FILTRO_DEMONSTRADO,UNKNOWN_SERIE_TEMPORAL_NAO_ADQUIRIDA,0.0,0.0,0.0,0.0,0.0,0.0,0.0,0.0,0.0,0.0,0.0,0.0,0.0
SCALE-500-O00-00181,500,1,1,1,0,0,0,0,0,0,1,0,0,1,0,0,0,24.56997748071487,24.56997748071487,1,,122.5,122.5,122.5,,UNKNOWN_SEM_INTERVALO_DE_FILTRO_DEMONSTRADO,UNKNOWN_SERIE_TEMPORAL_NAO_ADQUIRIDA,100.0,100.0,0.0,0.0,0.0,0.0,0.0,100.0,0.0,0.0,100.0,0.0,0.0
SCALE-500-O00-00182,500,48,48,21,11,12,11,2,12,0,28,10,0,28,10,0,0,23.195548163206638,43.46810680575235,20,40.978254173596994,114.0,93.4,160.0,89.75,UNKNOWN_SEM_INTERVALO_DE_FILTRO_DEMONSTRADO,UNKNOWN_SERIE_TEMPORAL_NAO_ADQUIRIDA,100.0,43.75,22.916666666666664,25.0,22.916666666666664,4.166666666666666,25.0,58.333333333333336,20.833333333333336,0.0,58.333333333333336,20.833333333333336,0.0
SCALE-500-O00-00183,500,12,12,6,5,5,5,1,4,0,8,3,0,8,3,0,0,16.86550716304921,39.75495732287453,6,30.204590101097217,87.0,71.0,94.0,40.0,UNKNOWN_SEM_INTERVALO_DE_FILTRO_DEMONSTRADO,UNKNOWN_SERIE_TEMPORAL_NAO_ADQUIRIDA,100.0,50.0,41.66666666666667,41.66666666666667,41.66666666666667,8.333333333333332,33.33333333333333,66.66666666666666,25.0,0.0,66.66666666666666,25.0,0.0
SCALE-500-O00-00184,500,0,0,0,0,0,0,0,0,0,0,0,0,0,0,0,0,,,0,,,,,,UNKNOWN_SEM_INTERVALO_DE_FILTRO_DEMONSTRADO,UNKNOWN_SERIE_TEMPORAL_NAO_ADQUIRIDA,,,,,,,,,,,,,
SCALE-500-O00-00185,500,0,0,0,0,0,0,0,0,0,0,0,0,0,0,0,0,,,0,,,,,,UNKNOWN_SEM_INTERVALO_DE_FILTRO_DEMONSTRADO,UNKNOWN_SERIE_TEMPORAL_NAO_ADQUIRIDA,,,,,,,,,,,,,
SCALE-500-O00-00186,500,0,0,0,0,0,0,0,0,0,0,0,0,0,0,0,0,,,0,,,,,,UNKNOWN_SEM_INTERVALO_DE_FILTRO_DEMONSTRADO,UNKNOWN_SERIE_TEMPORAL_NAO_ADQUIRIDA,,,,,,,,,,,,,
SCALE-500-O00-00187,500,0,0,0,0,0,0,0,0,0,0,0,0,0,0,0,0,,,0,,,,,,UNKNOWN_SEM_INTERVALO_DE_FILTRO_DEMONSTRADO,UNKNOWN_SERIE_TEMPORAL_NAO_ADQUIRIDA,,,,,,,,,,,,,
SCALE-500-O00-00188,500,0,0,0,0,0,0,0,0,0,0,0,0,0,0,0,0,,,0,,,,,,UNKNOWN_SEM_INTERVALO_DE_FILTRO_DEMONSTRADO,UNKNOWN_SERIE_TEMPORAL_NAO_ADQUIRIDA,,,,,,,,,,,,,
SCALE-500-O00-00189,500,0,0,0,0,0,0,0,0,0,0,0,0,0,0,0,0,,,0,,,,,,UNKNOWN_SEM_INTERVALO_DE_FILTRO_DEMONSTRADO,UNKNOWN_SERIE_TEMPORAL_NAO_ADQUIRIDA,,,,,,,,,,,,,
SCALE-500-O00-00190,500,2,2,1,0,0,0,0,0,0,1,1,0,1,1,0,0,22.062054662313393,22.062054662313393,2,17.525342751733437,96.5,93.7,99.3,,UNKNOWN_SEM_INTERVALO_DE_FILTRO_DEMONSTRADO,UNKNOWN_SERIE_TEMPORAL_NAO_ADQUIRIDA,100.0,50.0,0.0,0.0,0.0,0.0,0.0,50.0,50.0,0.0,50.0,50.0,0.0
SCALE-500-O00-00191,500,2,2,0,0,0,0,0,0,0,0,0,0,0,0,0,0,,,0,,168.0,129.6,206.4,,UNKNOWN_SEM_INTERVALO_DE_FILTRO_DEMONSTRADO,UNKNOWN_SERIE_TEMPORAL_NAO_ADQUIRIDA,100.0,0.0,0.0,0.0,0.0,0.0,0.0,0.0,0.0,0.0,0.0,0.0,0.0
SCALE-500-O00-00192,500,11,11,6,3,2,3,2,2,0,7,0,0,7,0,0,0,37.8570401856301,52.14781959930731,7,45.914700507197274,152.0,71.0,404.0,80.0,UNKNOWN_SEM_INTERVALO_DE_FILTRO_DEMONSTRADO,UNKNOWN_SERIE_TEMPORAL_NAO_ADQUIRIDA,100.0,54.54545454545454,27.27272727272727,18.181818181818183,27.27272727272727,18.181818181818183,18.181818181818183,63.63636363636363,0.0,0.0,63.63636363636363,0.0,0.0
SCALE-500-O00-00193,500,2,2,0,1,1,1,0,1,0,0,0,0,0,0,0,0,,,0,,110.0,102.0,118.0,,UNKNOWN_SEM_INTERVALO_DE_FILTRO_DEMONSTRADO,UNKNOWN_SERIE_TEMPORAL_NAO_ADQUIRIDA,100.0,0.0,50.0,50.0,50.0,0.0,50.0,0.0,0.0,0.0,0.0,0.0,0.0
SCALE-500-O00-00194,500,0,0,0,0,0,0,0,0,0,0,0,0,0,0,0,0,,,0,,,,,,UNKNOWN_SEM_INTERVALO_DE_FILTRO_DEMONSTRADO,UNKNOWN_SERIE_TEMPORAL_NAO_ADQUIRIDA,,,,,,,,,,,,,
SCALE-500-O00-00195,500,0,0,0,0,0,0,0,0,0,0,0,0,0,0,0,0,,,0,,,,,,UNKNOWN_SEM_INTERVALO_DE_FILTRO_DEMONSTRADO,UNKNOWN_SERIE_TEMPORAL_NAO_ADQUIRIDA,,,,,,,,,,,,,
SCALE-500-O00-00196,500,2,1,1,1,1,1,1,0,0,1,1,0,1,1,0,0,18.212557410487552,18.212557410487552,1,0.4462788421391267,105.0,105.0,105.0,13.0,UNKNOWN_SEM_INTERVALO_DE_FILTRO_DEMONSTRADO,UNKNOWN_SERIE_TEMPORAL_NAO_ADQUIRIDA,50.0,50.0,50.0,50.0,50.0,50.0,0.0,50.0,50.0,0.0,50.0,50.0,0.0
SCALE-500-O00-00197,500,15,12,10,1,1,1,4,2,0,10,5,0,10,5,0,0,18.04965194357174,22.996228533097867,7,20.679411623784198,126.5,101.35,165.8,48.0,UNKNOWN_SEM_INTERVALO_DE_FILTRO_DEMONSTRADO,UNKNOWN_SERIE_TEMPORAL_NAO_ADQUIRIDA,80.0,66.66666666666666,6.666666666666667,6.666666666666667,6.666666666666667,26.666666666666668,13.333333333333334,66.66666666666666,33.33333333333333,0.0,66.66666666666666,33.33333333333333,0.0
SCALE-500-O00-00198,500,0,0,0,0,0,0,0,0,0,0,0,0,0,0,0,0,,,0,,,,,,UNKNOWN_SEM_INTERVALO_DE_FILTRO_DEMONSTRADO,UNKNOWN_SERIE_TEMPORAL_NAO_ADQUIRIDA,,,,,,,,,,,,,
SCALE-500-O00-00199,500,8,6,2,0,0,0,0,0,0,0,2,0,2,0,0,0,19.11880462980075,19.11880462980075,1,0.0,125.0,119.0,176.0,,UNKNOWN_SEM_INTERVALO_DE_FILTRO_DEMONSTRADO,UNKNOWN_SERIE_TEMPORAL_NAO_ADQUIRIDA,75.0,25.0,0.0,0.0,0.0,0.0,0.0,0.0,25.0,0.0,25.0,0.0,0.0
SCALE-500-O00-00200,500,19,19,14,2,2,2,0,2,0,15,5,0,15,5,0,0,16.89562414012608,35.34583187882023,8,27.677501933646823,100.0,60.8,135.6,,UNKNOWN_SEM_INTERVALO_DE_FILTRO_DEMONSTRADO,UNKNOWN_SERIE_TEMPORAL_NAO_ADQUIRIDA,100.0,73.68421052631578,10.526315789473683,10.526315789473683,10.526315789473683,0.0,10.526315789473683,78.94736842105263,26.31578947368421,0.0,78.94736842105263,26.31578947368421,0.0
SCALE-500-O00-00201,500,5,5,3,1,1,1,1,1,0,3,1,0,3,1,0,0,17.53903228676838,28.696550921647948,3,14.672443650451411,160.0,120.0,200.0,136.0,UNKNOWN_SEM_INTERVALO_DE_FILTRO_DEMONSTRADO,UNKNOWN_SERIE_TEMPORAL_NAO_ADQUIRIDA,100.0,60.0,20.0,20.0,20.0,20.0,20.0,60.0,20.0,0.0,60.0,20.0,0.0
SCALE-500-O00-00202,500,1,1,0,0,0,0,0,0,0,0,0,0,0,0,0,0,,,0,,60.0,60.0,60.0,,UNKNOWN_SEM_INTERVALO_DE_FILTRO_DEMONSTRADO,UNKNOWN_SERIE_TEMPORAL_NAO_ADQUIRIDA,100.0,0.0,0.0,0.0,0.0,0.0,0.0,0.0,0.0,0.0,0.0,0.0,0.0
SCALE-500-O00-00203,500,0,0,0,0,0,0,0,0,0,0,0,0,0,0,0,0,,,0,,,,,,UNKNOWN_SEM_INTERVALO_DE_FILTRO_DEMONSTRADO,UNKNOWN_SERIE_TEMPORAL_NAO_ADQUIRIDA,,,,,,,,,,,,,
SCALE-500-O00-00204,500,0,0,0,0,0,0,0,0,0,0,0,0,0,0,0,0,,,0,,,,,,UNKNOWN_SEM_INTERVALO_DE_FILTRO_DEMONSTRADO,UNKNOWN_SERIE_TEMPORAL_NAO_ADQUIRIDA,,,,,,,,,,,,,
SCALE-500-O00-00205,500,0,0,0,0,0,0,0,0,0,0,0,0,0,0,0,0,,,0,,,,,,UNKNOWN_SEM_INTERVALO_DE_FILTRO_DEMONSTRADO,UNKNOWN_SERIE_TEMPORAL_NAO_ADQUIRIDA,,,,,,,,,,,,,
SCALE-500-O00-00206,500,1,1,0,0,0,0,0,0,0,0,0,0,0,0,0,0,,,0,,100.0,100.0,100.0,,UNKNOWN_SEM_INTERVALO_DE_FILTRO_DEMONSTRADO,UNKNOWN_SERIE_TEMPORAL_NAO_ADQUIRIDA,100.0,0.0,0.0,0.0,0.0,0.0,0.0,0.0,0.0,0.0,0.0,0.0,0.0
SCALE-500-O00-00207,500,0,0,0,0,0,0,0,0,0,0,0,0,0,0,0,0,,,0,,,,,,UNKNOWN_SEM_INTERVALO_DE_FILTRO_DEMONSTRADO,UNKNOWN_SERIE_TEMPORAL_NAO_ADQUIRIDA,,,,,,,,,,,,,
SCALE-500-O00-00208,500,0,0,0,0,0,0,0,0,0,0,0,0,0,0,0,0,,,0,,,,,,UNKNOWN_SEM_INTERVALO_DE_FILTRO_DEMONSTRADO,UNKNOWN_SERIE_TEMPORAL_NAO_ADQUIRIDA,,,,,,,,,,,,,
SCALE-500-O00-00209,500,6,6,0,0,0,0,0,0,0,0,0,0,0,0,0,0,,,0,,110.0,86.0,144.0,,UNKNOWN_SEM_INTERVALO_DE_FILTRO_DEMONSTRADO,UNKNOWN_SERIE_TEMPORAL_NAO_ADQUIRIDA,100.0,0.0,0.0,0.0,0.0,0.0,0.0,0.0,0.0,0.0,0.0,0.0,0.0
SCALE-500-O00-00210,500,2,2,0,0,0,0,0,0,0,0,0,0,0,0,0,0,,,0,,120.0,104.0,136.0,,UNKNOWN_SEM_INTERVALO_DE_FILTRO_DEMONSTRADO,UNKNOWN_SERIE_TEMPORAL_NAO_ADQUIRIDA,100.0,0.0,0.0,0.0,0.0,0.0,0.0,0.0,0.0,0.0,0.0,0.0,0.0
SCALE-500-O00-00211,500,0,0,0,0,0,0,0,0,0,0,0,0,0,0,0,0,,,0,,,,,,UNKNOWN_SEM_INTERVALO_DE_FILTRO_DEMONSTRADO,UNKNOWN_SERIE_TEMPORAL_NAO_ADQUIRIDA,,,,,,,,,,,,,
SCALE-500-O00-00212,500,0,0,0,0,0,0,0,0,0,0,0,0,0,0,0,0,,,0,,,,,,UNKNOWN_SEM_INTERVALO_DE_FILTRO_DEMONSTRADO,UNKNOWN_SERIE_TEMPORAL_NAO_ADQUIRIDA,,,,,,,,,,,,,
SCALE-500-O00-00213,500,0,0,0,0,0,0,0,0,0,0,0,0,0,0,0,0,,,0,,,,,,UNKNOWN_SEM_INTERVALO_DE_FILTRO_DEMONSTRADO,UNKNOWN_SERIE_TEMPORAL_NAO_ADQUIRIDA,,,,,,,,,,,,,
SCALE-500-O00-00214,500,0,0,0,0,0,0,0,0,0,0,0,0,0,0,0,0,,,0,,,,,,UNKNOWN_SEM_INTERVALO_DE_FILTRO_DEMONSTRADO,UNKNOWN_SERIE_TEMPORAL_NAO_ADQUIRIDA,,,,,,,,,,,,,
SCALE-500-O00-00215,500,0,0,0,0,0,0,0,0,0,0,0,0,0,0,0,0,,,0,,,,,,UNKNOWN_SEM_INTERVALO_DE_FILTRO_DEMONSTRADO,UNKNOWN_SERIE_TEMPORAL_NAO_ADQUIRIDA,,,,,,,,,,,,,
SCALE-500-O00-00216,500,0,0,0,0,0,0,0,0,0,0,0,0,0,0,0,0,,,0,,,,,,UNKNOWN_SEM_INTERVALO_DE_FILTRO_DEMONSTRADO,UNKNOWN_SERIE_TEMPORAL_NAO_ADQUIRIDA,,,,,,,,,,,,,
SCALE-500-O00-00217,500,0,0,0,0,0,0,0,0,0,0,0,0,0,0,0,0,,,0,,,,,,UNKNOWN_SEM_INTERVALO_DE_FILTRO_DEMONSTRADO,UNKNOWN_SERIE_TEMPORAL_NAO_ADQUIRIDA,,,,,,,,,,,,,
SCALE-500-O00-00218,500,4,4,0,0,0,0,0,0,0,0,0,0,0,0,0,0,,,0,,170.0,112.0,256.0,,UNKNOWN_SEM_INTERVALO_DE_FILTRO_DEMONSTRADO,UNKNOWN_SERIE_TEMPORAL_NAO_ADQUIRIDA,100.0,0.0,0.0,0.0,0.0,0.0,0.0,0.0,0.0,0.0,0.0,0.0,0.0
SCALE-500-O00-00219,500,6,6,2,0,0,0,0,0,0,3,0,0,3,0,0,0,38.65650903167074,46.58767804951505,3,31.03691383122172,102.0,60.0,166.0,,UNKNOWN_SEM_INTERVALO_DE_FILTRO_DEMONSTRADO,UNKNOWN_SERIE_TEMPORAL_NAO_ADQUIRIDA,100.0,33.33333333333333,0.0,0.0,0.0,0.0,0.0,50.0,0.0,0.0,50.0,0.0,0.0
SCALE-500-O00-00220,500,2,2,0,0,0,0,0,0,0,0,0,0,0,0,0,0,,,0,,159.0,151.8,166.2,,UNKNOWN_SEM_INTERVALO_DE_FILTRO_DEMONSTRADO,UNKNOWN_SERIE_TEMPORAL_NAO_ADQUIRIDA,100.0,0.0,0.0,0.0,0.0,0.0,0.0,0.0,0.0,0.0,0.0,0.0,0.0
SCALE-500-O00-00221,500,3,3,0,0,0,0,0,0,0,0,0,0,0,0,0,0,,,0,,72.0,70.4,80.0,,UNKNOWN_SEM_INTERVALO_DE_FILTRO_DEMONSTRADO,UNKNOWN_SERIE_TEMPORAL_NAO_ADQUIRIDA,100.0,0.0,0.0,0.0,0.0,0.0,0.0,0.0,0.0,0.0,0.0,0.0,0.0
SCALE-500-O00-00222,500,5,4,0,0,0,0,0,0,0,0,0,0,0,0,0,0,,,0,,135.0,106.0,182.9,,UNKNOWN_SEM_INTERVALO_DE_FILTRO_DEMONSTRADO,UNKNOWN_SERIE_TEMPORAL_NAO_ADQUIRIDA,80.0,0.0,0.0,0.0,0.0,0.0,0.0,0.0,0.0,0.0,0.0,0.0,0.0
SCALE-500-O00-00223,500,9,0,0,0,0,0,0,0,0,0,0,0,0,0,0,0,,,0,,,,,,UNKNOWN_SEM_INTERVALO_DE_FILTRO_DEMONSTRADO,UNKNOWN_SERIE_TEMPORAL_NAO_ADQUIRIDA,0.0,0.0,0.0,0.0,0.0,0.0,0.0,0.0,0.0,0.0,0.0,0.0,0.0
SCALE-500-O00-00224,500,3,0,0,0,0,0,0,0,0,0,0,0,0,0,0,0,,,0,,,,,,UNKNOWN_SEM_INTERVALO_DE_FILTRO_DEMONSTRADO,UNKNOWN_SERIE_TEMPORAL_NAO_ADQUIRIDA,0.0,0.0,0.0,0.0,0.0,0.0,0.0,0.0,0.0,0.0,0.0,0.0,0.0
SCALE-500-O00-00225,500,7,0,0,0,0,0,0,0,0,0,0,0,0,0,0,0,,,0,,,,,,UNKNOWN_SEM_INTERVALO_DE_FILTRO_DEMONSTRADO,UNKNOWN_SERIE_TEMPORAL_NAO_ADQUIRIDA,0.0,0.0,0.0,0.0,0.0,0.0,0.0,0.0,0.0,0.0,0.0,0.0,0.0
SCALE-500-O00-00226,500,5,4,3,1,1,1,0,1,0,3,0,0,3,0,0,0,21.383053724580243,33.206431343559416,2,15.474650403499044,96.5,58.2,144.6,,UNKNOWN_SEM_INTERVALO_DE_FILTRO_DEMONSTRADO,UNKNOWN_SERIE_TEMPORAL_NAO_ADQUIRIDA,80.0,60.0,20.0,20.0,20.0,0.0,20.0,60.0,0.0,0.0,60.0,0.0,0.0
SCALE-500-O00-00227,500,1,0,0,0,0,0,0,0,0,0,0,0,0,0,0,0,,,0,,,,,,UNKNOWN_SEM_INTERVALO_DE_FILTRO_DEMONSTRADO,UNKNOWN_SERIE_TEMPORAL_NAO_ADQUIRIDA,0.0,0.0,0.0,0.0,0.0,0.0,0.0,0.0,0.0,0.0,0.0,0.0,0.0
SCALE-500-O00-00228,500,0,0,0,0,0,0,0,0,0,0,0,0,0,0,0,0,,,0,,,,,,UNKNOWN_SEM_INTERVALO_DE_FILTRO_DEMONSTRADO,UNKNOWN_SERIE_TEMPORAL_NAO_ADQUIRIDA,,,,,,,,,,,,,
SCALE-500-O00-00229,500,1,1,1,0,0,0,0,0,0,1,0,0,1,0,0,0,17.00514042040562,17.00514042040562,1,,126.0,126.0,126.0,,UNKNOWN_SEM_INTERVALO_DE_FILTRO_DEMONSTRADO,UNKNOWN_SERIE_TEMPORAL_NAO_ADQUIRIDA,100.0,100.0,0.0,0.0,0.0,0.0,0.0,100.0,0.0,0.0,100.0,0.0,0.0
SCALE-500-O00-00230,500,0,0,0,0,0,0,0,0,0,0,0,0,0,0,0,0,,,0,,,,,,UNKNOWN_SEM_INTERVALO_DE_FILTRO_DEMONSTRADO,UNKNOWN_SERIE_TEMPORAL_NAO_ADQUIRIDA,,,,,,,,,,,,,
SCALE-500-O00-00231,500,0,0,0,0,0,0,0,0,0,0,0,0,0,0,0,0,,,0,,,,,,UNKNOWN_SEM_INTERVALO_DE_FILTRO_DEMONSTRADO,UNKNOWN_SERIE_TEMPORAL_NAO_ADQUIRIDA,,,,,,,,,,,,,
SCALE-500-O00-00232,500,0,0,0,0,0,0,0,0,0,0,0,0,0,0,0,0,,,0,,,,,,UNKNOWN_SEM_INTERVALO_DE_FILTRO_DEMONSTRADO,UNKNOWN_SERIE_TEMPORAL_NAO_ADQUIRIDA,,,,,,,,,,,,,
SCALE-500-O00-00233,500,12,12,9,4,4,4,0,5,0,10,3,1,10,3,1,0,34.60303770782426,45.253222174308846,9,43.96531071822145,133.0,77.5,152.7,,UNKNOWN_SEM_INTERVALO_DE_FILTRO_DEMONSTRADO,UNKNOWN_SERIE_TEMPORAL_NAO_ADQUIRIDA,100.0,75.0,33.33333333333333,33.33333333333333,33.33333333333333,0.0,41.66666666666667,83.33333333333334,25.0,8.333333333333332,83.33333333333334,25.0,8.333333333333332
SCALE-500-O00-00234,500,0,0,0,0,0,0,0,0,0,0,0,0,0,0,0,0,,,0,,,,,,UNKNOWN_SEM_INTERVALO_DE_FILTRO_DEMONSTRADO,UNKNOWN_SERIE_TEMPORAL_NAO_ADQUIRIDA,,,,,,,,,,,,,
SCALE-500-O00-00235,500,0,0,0,0,0,0,0,0,0,0,0,0,0,0,0,0,,,0,,,,,,UNKNOWN_SEM_INTERVALO_DE_FILTRO_DEMONSTRADO,UNKNOWN_SERIE_TEMPORAL_NAO_ADQUIRIDA,,,,,,,,,,,,,
SCALE-500-O00-00236,500,10,10,1,1,1,1,0,1,0,1,1,1,1,1,1,0,2.7515965420234503,2.7515965420234503,3,12.093335249868238,120.0,86.8,122.99999999999999,,UNKNOWN_SEM_INTERVALO_DE_FILTRO_DEMONSTRADO,UNKNOWN_SERIE_TEMPORAL_NAO_ADQUIRIDA,100.0,10.0,10.0,10.0,10.0,0.0,10.0,10.0,10.0,10.0,10.0,10.0,10.0
SCALE-500-O00-00237,500,4,4,0,0,0,0,0,0,0,0,0,0,0,0,0,0,,,0,,81.0,66.0,94.60000000000001,,UNKNOWN_SEM_INTERVALO_DE_FILTRO_DEMONSTRADO,UNKNOWN_SERIE_TEMPORAL_NAO_ADQUIRIDA,100.0,0.0,0.0,0.0,0.0,0.0,0.0,0.0,0.0,0.0,0.0,0.0,0.0
SCALE-500-O00-00238,500,0,0,0,0,0,0,0,0,0,0,0,0,0,0,0,0,,,0,,,,,,UNKNOWN_SEM_INTERVALO_DE_FILTRO_DEMONSTRADO,UNKNOWN_SERIE_TEMPORAL_NAO_ADQUIRIDA,,,,,,,,,,,,,
SCALE-500-O00-00239,500,0,0,0,0,0,0,0,0,0,0,0,0,0,0,0,0,,,0,,,,,,UNKNOWN_SEM_INTERVALO_DE_FILTRO_DEMONSTRADO,UNKNOWN_SERIE_TEMPORAL_NAO_ADQUIRIDA,,,,,,,,,,,,,
SCALE-500-O00-00240,500,0,0,0,0,0,0,0,0,0,0,0,0,0,0,0,0,,,0,,,,,,UNKNOWN_SEM_INTERVALO_DE_FILTRO_DEMONSTRADO,UNKNOWN_SERIE_TEMPORAL_NAO_ADQUIRIDA,,,,,,,,,,,,,
SCALE-500-O00-00241,500,0,0,0,0,0,0,0,0,0,0,0,0,0,0,0,0,,,0,,,,,,UNKNOWN_SEM_INTERVALO_DE_FILTRO_DEMONSTRADO,UNKNOWN_SERIE_TEMPORAL_NAO_ADQUIRIDA,,,,,,,,,,,,,
SCALE-500-O00-00242,500,0,0,0,0,0,0,0,0,0,0,0,0,0,0,0,0,,,0,,,,,,UNKNOWN_SEM_INTERVALO_DE_FILTRO_DEMONSTRADO,UNKNOWN_SERIE_TEMPORAL_NAO_ADQUIRIDA,,,,,,,,,,,,,
SCALE-500-O00-00243,500,2,2,1,0,0,0,0,0,0,1,0,0,1,0,0,0,47.29186773171249,47.29186773171249,1,,72.5,62.5,82.5,,UNKNOWN_SEM_INTERVALO_DE_FILTRO_DEMONSTRADO,UNKNOWN_SERIE_TEMPORAL_NAO_ADQUIRIDA,100.0,50.0,0.0,0.0,0.0,0.0,0.0,50.0,0.0,0.0,50.0,0.0,0.0
SCALE-500-O00-00244,500,56,55,44,4,2,4,2,2,0,42,4,0,42,4,0,0,33.438058276350645,46.5017077694956,26,45.703881667659154,56.0,17.0,142.00000000000003,128.0,UNKNOWN_SEM_INTERVALO_DE_FILTRO_DEMONSTRADO,UNKNOWN_SERIE_TEMPORAL_NAO_ADQUIRIDA,98.21428571428571,78.57142857142857,7.142857142857142,3.571428571428571,7.142857142857142,3.571428571428571,3.571428571428571,75.0,7.142857142857142,0.0,75.0,7.142857142857142,0.0
SCALE-500-O00-00245,500,0,0,0,0,0,0,0,0,0,0,0,0,0,0,0,0,,,0,,,,,,UNKNOWN_SEM_INTERVALO_DE_FILTRO_DEMONSTRADO,UNKNOWN_SERIE_TEMPORAL_NAO_ADQUIRIDA,,,,,,,,,,,,,
SCALE-500-O00-00246,500,2,2,2,1,1,1,0,1,0,2,0,0,2,0,0,0,33.036954899826824,39.76453999739899,2,16.818962743930403,117.5,107.5,127.5,,UNKNOWN_SEM_INTERVALO_DE_FILTRO_DEMONSTRADO,UNKNOWN_SERIE_TEMPORAL_NAO_ADQUIRIDA,100.0,100.0,50.0,50.0,50.0,0.0,50.0,100.0,0.0,0.0,100.0,0.0,0.0
SCALE-500-O00-00247,500,16,14,9,3,2,2,1,2,0,9,3,1,10,2,1,0,23.057283859353717,40.21958014196048,11,45.451994223016214,55.0,36.6,94.05000000000001,37.0,UNKNOWN_SEM_INTERVALO_DE_FILTRO_DEMONSTRADO,UNKNOWN_SERIE_TEMPORAL_NAO_ADQUIRIDA,87.5,56.25,18.75,12.5,12.5,6.25,12.5,56.25,18.75,6.25,62.5,12.5,6.25
SCALE-500-O00-00248,500,0,0,0,0,0,0,0,0,0,0,0,0,0,0,0,0,,,0,,,,,,UNKNOWN_SEM_INTERVALO_DE_FILTRO_DEMONSTRADO,UNKNOWN_SERIE_TEMPORAL_NAO_ADQUIRIDA,,,,,,,,,,,,,
SCALE-500-O00-00249,500,10,5,0,0,0,0,0,1,0,1,0,0,1,0,0,0,30.93287336495616,30.93287336495616,1,,100.0,83.6,253.60000000000002,,UNKNOWN_SEM_INTERVALO_DE_FILTRO_DEMONSTRADO,UNKNOWN_SERIE_TEMPORAL_NAO_ADQUIRIDA,50.0,0.0,0.0,0.0,0.0,0.0,10.0,10.0,0.0,0.0,10.0,0.0,0.0
SCALE-500-O00-00250,500,16,11,0,0,0,0,0,0,0,0,0,0,0,0,0,0,,,0,,100.0,58.0,120.0,,UNKNOWN_SEM_INTERVALO_DE_FILTRO_DEMONSTRADO,UNKNOWN_SERIE_TEMPORAL_NAO_ADQUIRIDA,68.75,0.0,0.0,0.0,0.0,0.0,0.0,0.0,0.0,0.0,0.0,0.0,0.0
SCALE-500-O00-00251,500,11,4,2,1,1,1,1,0,0,2,1,0,2,1,0,0,15.766237499743323,22.80922948452056,3,17.607479961943092,94.0,68.4,100.0,80.8,UNKNOWN_SEM_INTERVALO_DE_FILTRO_DEMONSTRADO,UNKNOWN_SERIE_TEMPORAL_NAO_ADQUIRIDA,36.36363636363637,18.181818181818183,9.090909090909092,9.090909090909092,9.090909090909092,9.090909090909092,0.0,18.181818181818183,9.090909090909092,0.0,18.181818181818183,9.090909090909092,0.0
SCALE-500-O00-00252,500,22,1,0,0,0,0,0,0,0,0,0,0,0,0,0,0,,,0,,600.0,600.0,600.0,,UNKNOWN_SEM_INTERVALO_DE_FILTRO_DEMONSTRADO,UNKNOWN_SERIE_TEMPORAL_NAO_ADQUIRIDA,4.545454545454546,0.0,0.0,0.0,0.0,0.0,0.0,0.0,0.0,0.0,0.0,0.0,0.0
SCALE-500-O00-00253,500,1,1,0,0,0,0,0,0,0,0,0,0,0,0,0,0,,,0,,128.0,128.0,128.0,,UNKNOWN_SEM_INTERVALO_DE_FILTRO_DEMONSTRADO,UNKNOWN_SERIE_TEMPORAL_NAO_ADQUIRIDA,100.0,0.0,0.0,0.0,0.0,0.0,0.0,0.0,0.0,0.0,0.0,0.0,0.0
SCALE-500-O00-00254,500,2,0,0,0,0,0,0,0,0,0,0,0,0,0,0,0,,,0,,,,,,UNKNOWN_SEM_INTERVALO_DE_FILTRO_DEMONSTRADO,UNKNOWN_SERIE_TEMPORAL_NAO_ADQUIRIDA,0.0,0.0,0.0,0.0,0.0,0.0,0.0,0.0,0.0,0.0,0.0,0.0,0.0
SCALE-500-O00-00255,500,1,1,0,0,0,0,0,0,0,0,0,0,0,0,0,0,,,0,,301.0,301.0,301.0,,UNKNOWN_SEM_INTERVALO_DE_FILTRO_DEMONSTRADO,UNKNOWN_SERIE_TEMPORAL_NAO_ADQUIRIDA,100.0,0.0,0.0,0.0,0.0,0.0,0.0,0.0,0.0,0.0,0.0,0.0,0.0
SCALE-500-O00-00256,500,3,0,0,0,0,0,0,0,0,0,0,0,0,0,0,0,,,0,,,,,,UNKNOWN_SEM_INTERVALO_DE_FILTRO_DEMONSTRADO,UNKNOWN_SERIE_TEMPORAL_NAO_ADQUIRIDA,0.0,0.0,0.0,0.0,0.0,0.0,0.0,0.0,0.0,0.0,0.0,0.0,0.0
SCALE-500-O00-00257,500,0,0,0,0,0,0,0,0,0,0,0,0,0,0,0,0,,,0,,,,,,UNKNOWN_SEM_INTERVALO_DE_FILTRO_DEMONSTRADO,UNKNOWN_SERIE_TEMPORAL_NAO_ADQUIRIDA,,,,,,,,,,,,,
SCALE-500-O00-00258,500,5,4,0,0,0,0,0,0,0,0,0,0,0,0,0,0,,,0,,90.0,80.0,100.0,,UNKNOWN_SEM_INTERVALO_DE_FILTRO_DEMONSTRADO,UNKNOWN_SERIE_TEMPORAL_NAO_ADQUIRIDA,80.0,0.0,0.0,0.0,0.0,0.0,0.0,0.0,0.0,0.0,0.0,0.0,0.0
SCALE-500-O00-00259,500,0,0,0,0,0,0,0,0,0,0,0,0,0,0,0,0,,,0,,,,,,UNKNOWN_SEM_INTERVALO_DE_FILTRO_DEMONSTRADO,UNKNOWN_SERIE_TEMPORAL_NAO_ADQUIRIDA,,,,,,,,,,,,,
SCALE-500-O00-00260,500,0,0,0,0,0,0,0,0,0,0,0,0,0,0,0,0,,,0,,,,,,UNKNOWN_SEM_INTERVALO_DE_FILTRO_DEMONSTRADO,UNKNOWN_SERIE_TEMPORAL_NAO_ADQUIRIDA,,,,,,,,,,,,,
SCALE-500-O00-00261,500,3,2,0,0,0,0,0,0,0,0,0,0,0,0,0,0,,,0,,103.5,95.9,111.1,,UNKNOWN_SEM_INTERVALO_DE_FILTRO_DEMONSTRADO,UNKNOWN_SERIE_TEMPORAL_NAO_ADQUIRIDA,66.66666666666666,0.0,0.0,0.0,0.0,0.0,0.0,0.0,0.0,0.0,0.0,0.0,0.0
SCALE-500-O00-00262,500,3,3,0,0,0,0,0,0,0,0,0,0,0,0,0,0,,,0,,90.0,82.0,98.0,,UNKNOWN_SEM_INTERVALO_DE_FILTRO_DEMONSTRADO,UNKNOWN_SERIE_TEMPORAL_NAO_ADQUIRIDA,100.0,0.0,0.0,0.0,0.0,0.0,0.0,0.0,0.0,0.0,0.0,0.0,0.0
SCALE-500-O00-00263,500,25,25,12,5,5,5,0,6,0,13,4,0,13,4,0,0,35.45315783349418,47.44957117531503,9,32.24980663531763,108.5,67.0,121.0,,UNKNOWN_SEM_INTERVALO_DE_FILTRO_DEMONSTRADO,UNKNOWN_SERIE_TEMPORAL_NAO_ADQUIRIDA,100.0,48.0,20.0,20.0,20.0,0.0,24.0,52.0,16.0,0.0,52.0,16.0,0.0
SCALE-500-O00-00264,500,0,0,0,0,0,0,0,0,0,0,0,0,0,0,0,0,,,0,,,,,,UNKNOWN_SEM_INTERVALO_DE_FILTRO_DEMONSTRADO,UNKNOWN_SERIE_TEMPORAL_NAO_ADQUIRIDA,,,,,,,,,,,,,
SCALE-500-O00-00265,500,0,0,0,0,0,0,0,0,0,0,0,0,0,0,0,0,,,0,,,,,,UNKNOWN_SEM_INTERVALO_DE_FILTRO_DEMONSTRADO,UNKNOWN_SERIE_TEMPORAL_NAO_ADQUIRIDA,,,,,,,,,,,,,
SCALE-500-O00-00266,500,0,0,0,0,0,0,0,0,0,0,0,0,0,0,0,0,,,0,,,,,,UNKNOWN_SEM_INTERVALO_DE_FILTRO_DEMONSTRADO,UNKNOWN_SERIE_TEMPORAL_NAO_ADQUIRIDA,,,,,,,,,,,,,
SCALE-500-O00-00267,500,0,0,0,0,0,0,0,0,0,0,0,0,0,0,0,0,,,0,,,,,,UNKNOWN_SEM_INTERVALO_DE_FILTRO_DEMONSTRADO,UNKNOWN_SERIE_TEMPORAL_NAO_ADQUIRIDA,,,,,,,,,,,,,
SCALE-500-O00-00268,500,0,0,0,0,0,0,0,0,0,0,0,0,0,0,0,0,,,0,,,,,,UNKNOWN_SEM_INTERVALO_DE_FILTRO_DEMONSTRADO,UNKNOWN_SERIE_TEMPORAL_NAO_ADQUIRIDA,,,,,,,,,,,,,
SCALE-500-O00-00269,500,0,0,0,0,0,0,0,0,0,0,0,0,0,0,0,0,,,0,,,,,,UNKNOWN_SEM_INTERVALO_DE_FILTRO_DEMONSTRADO,UNKNOWN_SERIE_TEMPORAL_NAO_ADQUIRIDA,,,,,,,,,,,,,
SCALE-500-O00-00270,500,0,0,0,0,0,0,0,0,0,0,0,0,0,0,0,0,,,0,,,,,,UNKNOWN_SEM_INTERVALO_DE_FILTRO_DEMONSTRADO,UNKNOWN_SERIE_TEMPORAL_NAO_ADQUIRIDA,,,,,,,,,,,,,
SCALE-500-O00-00271,500,3,2,1,1,0,1,0,0,0,0,0,0,0,0,0,0,,,0,,57.5,39.5,75.5,,UNKNOWN_SEM_INTERVALO_DE_FILTRO_DEMONSTRADO,UNKNOWN_SERIE_TEMPORAL_NAO_ADQUIRIDA,66.66666666666666,33.33333333333333,33.33333333333333,0.0,33.33333333333333,0.0,0.0,0.0,0.0,0.0,0.0,0.0,0.0
SCALE-500-O00-00272,500,0,0,0,0,0,0,0,0,0,0,0,0,0,0,0,0,,,0,,,,,,UNKNOWN_SEM_INTERVALO_DE_FILTRO_DEMONSTRADO,UNKNOWN_SERIE_TEMPORAL_NAO_ADQUIRIDA,,,,,,,,,,,,,
SCALE-500-O00-00273,500,1,1,1,0,0,0,0,0,0,1,1,0,1,1,0,0,17.15572530578999,17.15572530578999,1,0.08761302422363225,100.0,100.0,100.0,,UNKNOWN_SEM_INTERVALO_DE_FILTRO_DEMONSTRADO,UNKNOWN_SERIE_TEMPORAL_NAO_ADQUIRIDA,100.0,100.0,0.0,0.0,0.0,0.0,0.0,100.0,100.0,0.0,100.0,100.0,0.0
SCALE-500-O00-00274,500,3,0,0,0,0,0,0,0,0,0,0,0,0,0,0,0,,,0,,,,,,UNKNOWN_SEM_INTERVALO_DE_FILTRO_DEMONSTRADO,UNKNOWN_SERIE_TEMPORAL_NAO_ADQUIRIDA,0.0,0.0,0.0,0.0,0.0,0.0,0.0,0.0,0.0,0.0,0.0,0.0,0.0
SCALE-500-O00-00275,500,1,1,1,0,0,0,0,0,0,1,0,0,1,0,0,0,24.827340739371788,24.827340739371788,1,,146.0,146.0,146.0,,UNKNOWN_SEM_INTERVALO_DE_FILTRO_DEMONSTRADO,UNKNOWN_SERIE_TEMPORAL_NAO_ADQUIRIDA,100.0,100.0,0.0,0.0,0.0,0.0,0.0,100.0,0.0,0.0,100.0,0.0,0.0
SCALE-500-O00-00276,500,3,3,0,0,0,0,0,0,0,0,0,0,0,0,0,0,,,0,,144.0,108.8,150.4,,UNKNOWN_SEM_INTERVALO_DE_FILTRO_DEMONSTRADO,UNKNOWN_SERIE_TEMPORAL_NAO_ADQUIRIDA,100.0,0.0,0.0,0.0,0.0,0.0,0.0,0.0,0.0,0.0,0.0,0.0,0.0
SCALE-500-O00-00277,500,12,8,0,0,0,0,0,0,0,0,0,0,0,0,0,0,,,0,,80.0,67.0,125.3,,UNKNOWN_SEM_INTERVALO_DE_FILTRO_DEMONSTRADO,UNKNOWN_SERIE_TEMPORAL_NAO_ADQUIRIDA,66.66666666666666,0.0,0.0,0.0,0.0,0.0,0.0,0.0,0.0,0.0,0.0,0.0,0.0
SCALE-500-O00-00278,500,68,58,19,0,0,0,9,2,0,18,6,0,19,5,0,0,23.02579792877335,34.59619294030678,14,35.30531085511681,105.5,60.0,250.3,25.0,UNKNOWN_SEM_INTERVALO_DE_FILTRO_DEMONSTRADO,UNKNOWN_SERIE_TEMPORAL_NAO_ADQUIRIDA,85.29411764705883,27.941176470588236,0.0,0.0,0.0,13.23529411764706,2.941176470588235,26.47058823529412,8.823529411764707,0.0,27.941176470588236,7.352941176470589,0.0
SCALE-500-O00-00279,500,9,3,0,0,0,0,0,0,0,0,0,0,0,0,0,0,,,0,,100.0,88.8,100.0,,UNKNOWN_SEM_INTERVALO_DE_FILTRO_DEMONSTRADO,UNKNOWN_SERIE_TEMPORAL_NAO_ADQUIRIDA,33.33333333333333,0.0,0.0,0.0,0.0,0.0,0.0,0.0,0.0,0.0,0.0,0.0,0.0
SCALE-500-O00-00280,500,10,8,2,0,0,0,0,1,0,4,2,0,4,2,0,0,16.994188792377667,36.46371930977365,3,28.192228450960663,126.0,82.5,171.29999999999998,,UNKNOWN_SEM_INTERVALO_DE_FILTRO_DEMONSTRADO,UNKNOWN_SERIE_TEMPORAL_NAO_ADQUIRIDA,80.0,20.0,0.0,0.0,0.0,0.0,10.0,40.0,20.0,0.0,40.0,20.0,0.0
SCALE-500-O00-00281,500,1,0,0,0,0,0,0,0,0,0,0,0,0,0,0,0,,,0,,,,,,UNKNOWN_SEM_INTERVALO_DE_FILTRO_DEMONSTRADO,UNKNOWN_SERIE_TEMPORAL_NAO_ADQUIRIDA,0.0,0.0,0.0,0.0,0.0,0.0,0.0,0.0,0.0,0.0,0.0,0.0,0.0
SCALE-500-O00-00282,500,0,0,0,0,0,0,0,0,0,0,0,0,0,0,0,0,,,0,,,,,,UNKNOWN_SEM_INTERVALO_DE_FILTRO_DEMONSTRADO,UNKNOWN_SERIE_TEMPORAL_NAO_ADQUIRIDA,,,,,,,,,,,,,
SCALE-500-O00-00283,500,2,1,0,0,0,0,0,0,0,0,0,0,0,0,0,0,,,0,,100.0,100.0,100.0,,UNKNOWN_SEM_INTERVALO_DE_FILTRO_DEMONSTRADO,UNKNOWN_SERIE_TEMPORAL_NAO_ADQUIRIDA,50.0,0.0,0.0,0.0,0.0,0.0,0.0,0.0,0.0,0.0,0.0,0.0,0.0
SCALE-500-O00-00284,500,2,2,1,1,1,1,0,0,0,2,0,0,2,0,1,0,6.731144376681247,9.428530359966324,2,6.743464958212694,107.0,69.4,144.6,,UNKNOWN_SEM_INTERVALO_DE_FILTRO_DEMONSTRADO,UNKNOWN_SERIE_TEMPORAL_NAO_ADQUIRIDA,100.0,50.0,50.0,50.0,50.0,0.0,0.0,100.0,0.0,0.0,100.0,0.0,50.0
SCALE-500-O00-00285,500,0,0,0,0,0,0,0,0,0,0,0,0,0,0,0,0,,,0,,,,,,UNKNOWN_SEM_INTERVALO_DE_FILTRO_DEMONSTRADO,UNKNOWN_SERIE_TEMPORAL_NAO_ADQUIRIDA,,,,,,,,,,,,,
SCALE-500-O00-00286,500,0,0,0,0,0,0,0,0,0,0,0,0,0,0,0,0,,,0,,,,,,UNKNOWN_SEM_INTERVALO_DE_FILTRO_DEMONSTRADO,UNKNOWN_SERIE_TEMPORAL_NAO_ADQUIRIDA,,,,,,,,,,,,,
SCALE-500-O00-00287,500,0,0,0,0,0,0,0,0,0,0,0,0,0,0,0,0,,,0,,,,,,UNKNOWN_SEM_INTERVALO_DE_FILTRO_DEMONSTRADO,UNKNOWN_SERIE_TEMPORAL_NAO_ADQUIRIDA,,,,,,,,,,,,,
SCALE-500-O00-00288,500,3,3,0,0,0,0,0,0,0,0,0,0,0,0,0,0,,,0,,100.0,84.0,116.0,,UNKNOWN_SEM_INTERVALO_DE_FILTRO_DEMONSTRADO,UNKNOWN_SERIE_TEMPORAL_NAO_ADQUIRIDA,100.0,0.0,0.0,0.0,0.0,0.0,0.0,0.0,0.0,0.0,0.0,0.0,0.0
SCALE-500-O00-00289,500,0,0,0,0,0,0,0,0,0,0,0,0,0,0,0,0,,,0,,,,,,UNKNOWN_SEM_INTERVALO_DE_FILTRO_DEMONSTRADO,UNKNOWN_SERIE_TEMPORAL_NAO_ADQUIRIDA,,,,,,,,,,,,,
SCALE-500-O00-00290,500,0,0,0,0,0,0,0,0,0,0,0,0,0,0,0,0,,,0,,,,,,UNKNOWN_SEM_INTERVALO_DE_FILTRO_DEMONSTRADO,UNKNOWN_SERIE_TEMPORAL_NAO_ADQUIRIDA,,,,,,,,,,,,,
SCALE-500-O00-00291,500,13,13,10,8,8,7,7,5,0,11,11,0,11,11,0,0,14.149503412116607,15.29942435505178,3,4.796813076243866,146.84,112.8,161.6,85.1,UNKNOWN_SEM_INTERVALO_DE_FILTRO_DEMONSTRADO,UNKNOWN_SERIE_TEMPORAL_NAO_ADQUIRIDA,100.0,76.92307692307693,61.53846153846154,61.53846153846154,53.84615384615385,53.84615384615385,38.46153846153847,84.61538461538461,84.61538461538461,0.0,84.61538461538461,84.61538461538461,0.0
SCALE-500-O00-00292,500,12,9,5,4,5,4,5,3,0,6,5,0,6,5,0,0,14.816183768318309,17.98394217540401,5,8.60250381595789,116.0,97.6,135.6,72.0,UNKNOWN_SEM_INTERVALO_DE_FILTRO_DEMONSTRADO,UNKNOWN_SERIE_TEMPORAL_NAO_ADQUIRIDA,75.0,41.66666666666667,33.33333333333333,41.66666666666667,33.33333333333333,41.66666666666667,25.0,50.0,41.66666666666667,0.0,50.0,41.66666666666667,0.0
SCALE-500-O00-00293,500,0,0,0,0,0,0,0,0,0,0,0,0,0,0,0,0,,,0,,,,,,UNKNOWN_SEM_INTERVALO_DE_FILTRO_DEMONSTRADO,UNKNOWN_SERIE_TEMPORAL_NAO_ADQUIRIDA,,,,,,,,,,,,,
SCALE-500-O00-00294,500,0,0,0,0,0,0,0,0,0,0,0,0,0,0,0,0,,,0,,,,,,UNKNOWN_SEM_INTERVALO_DE_FILTRO_DEMONSTRADO,UNKNOWN_SERIE_TEMPORAL_NAO_ADQUIRIDA,,,,,,,,,,,,,
SCALE-500-O00-00295,500,0,0,0,0,0,0,0,0,0,0,0,0,0,0,0,0,,,0,,,,,,UNKNOWN_SEM_INTERVALO_DE_FILTRO_DEMONSTRADO,UNKNOWN_SERIE_TEMPORAL_NAO_ADQUIRIDA,,,,,,,,,,,,,
SCALE-500-O00-00296,500,0,0,0,0,0,0,0,0,0,0,0,0,0,0,0,0,,,0,,,,,,UNKNOWN_SEM_INTERVALO_DE_FILTRO_DEMONSTRADO,UNKNOWN_SERIE_TEMPORAL_NAO_ADQUIRIDA,,,,,,,,,,,,,
SCALE-500-O00-00297,500,0,0,0,0,0,0,0,0,0,0,0,0,0,0,0,0,,,0,,,,,,UNKNOWN_SEM_INTERVALO_DE_FILTRO_DEMONSTRADO,UNKNOWN_SERIE_TEMPORAL_NAO_ADQUIRIDA,,,,,,,,,,,,,
SCALE-500-O00-00298,500,1,1,0,0,0,0,0,0,0,0,0,0,0,0,0,0,,,0,,92.0,92.0,92.0,,UNKNOWN_SEM_INTERVALO_DE_FILTRO_DEMONSTRADO,UNKNOWN_SERIE_TEMPORAL_NAO_ADQUIRIDA,100.0,0.0,0.0,0.0,0.0,0.0,0.0,0.0,0.0,0.0,0.0,0.0,0.0
SCALE-500-O00-00299,500,0,0,0,0,0,0,0,0,0,0,0,0,0,0,0,0,,,0,,,,,,UNKNOWN_SEM_INTERVALO_DE_FILTRO_DEMONSTRADO,UNKNOWN_SERIE_TEMPORAL_NAO_ADQUIRIDA,,,,,,,,,,,,,
SCALE-500-O00-00300,500,0,0,0,0,0,0,0,0,0,0,0,0,0,0,0,0,,,0,,,,,,UNKNOWN_SEM_INTERVALO_DE_FILTRO_DEMONSTRADO,UNKNOWN_SERIE_TEMPORAL_NAO_ADQUIRIDA,,,,,,,,,,,,,
SCALE-500-O00-00301,500,3,1,0,0,0,0,0,0,0,0,0,0,0,0,0,0,,,0,,125.0,125.0,125.0,,UNKNOWN_SEM_INTERVALO_DE_FILTRO_DEMONSTRADO,UNKNOWN_SERIE_TEMPORAL_NAO_ADQUIRIDA,33.33333333333333,0.0,0.0,0.0,0.0,0.0,0.0,0.0,0.0,0.0,0.0,0.0,0.0
SCALE-500-O00-00302,500,1,1,1,1,0,1,0,0,0,1,0,0,1,0,0,0,15.485602031527,15.485602031527,1,,260.0,260.0,260.0,,UNKNOWN_SEM_INTERVALO_DE_FILTRO_DEMONSTRADO,UNKNOWN_SERIE_TEMPORAL_NAO_ADQUIRIDA,100.0,100.0,100.0,0.0,100.0,0.0,0.0,100.0,0.0,0.0,100.0,0.0,0.0
SCALE-500-O00-00303,500,0,0,0,0,0,0,0,0,0,0,0,0,0,0,0,0,,,0,,,,,,UNKNOWN_SEM_INTERVALO_DE_FILTRO_DEMONSTRADO,UNKNOWN_SERIE_TEMPORAL_NAO_ADQUIRIDA,,,,,,,,,,,,,
SCALE-500-O00-00304,500,9,9,8,8,7,8,2,8,0,4,0,0,4,0,0,0,37.41213029699446,38.78081000978802,3,9.254125683621156,115.0,98.0,134.0,56.0,UNKNOWN_SEM_INTERVALO_DE_FILTRO_DEMONSTRADO,UNKNOWN_SERIE_TEMPORAL_NAO_ADQUIRIDA,100.0,88.88888888888889,88.88888888888889,77.77777777777779,88.88888888888889,22.22222222222222,88.88888888888889,44.44444444444444,0.0,0.0,44.44444444444444,0.0,0.0
SCALE-500-O00-00305,500,17,16,8,1,1,1,0,2,0,7,2,0,8,1,0,0,25.99368912434889,36.41580593715134,9,29.470831023224296,120.0,100.0,145.0,,UNKNOWN_SEM_INTERVALO_DE_FILTRO_DEMONSTRADO,UNKNOWN_SERIE_TEMPORAL_NAO_ADQUIRIDA,94.11764705882352,47.05882352941176,5.88235294117647,5.88235294117647,5.88235294117647,0.0,11.76470588235294,41.17647058823529,11.76470588235294,0.0,47.05882352941176,5.88235294117647,0.0
SCALE-500-O00-00306,500,18,16,5,1,1,1,2,0,0,7,1,0,7,1,0,0,17.070850188573345,30.184329589245507,4,27.4694210011157,96.0,75.0,120.0,101.75,UNKNOWN_SEM_INTERVALO_DE_FILTRO_DEMONSTRADO,UNKNOWN_SERIE_TEMPORAL_NAO_ADQUIRIDA,88.88888888888889,27.77777777777778,5.555555555555555,5.555555555555555,5.555555555555555,11.11111111111111,0.0,38.88888888888889,5.555555555555555,0.0,38.88888888888889,5.555555555555555,0.0
SCALE-500-O00-00307,500,20,11,0,0,0,0,0,0,0,0,1,0,1,0,0,0,17.15572530578999,17.15572530578999,1,,96.0,70.0,244.0,,UNKNOWN_SEM_INTERVALO_DE_FILTRO_DEMONSTRADO,UNKNOWN_SERIE_TEMPORAL_NAO_ADQUIRIDA,55.00000000000001,0.0,0.0,0.0,0.0,0.0,0.0,0.0,5.0,0.0,5.0,0.0,0.0
SCALE-500-O00-00308,500,5,4,1,0,0,0,0,0,0,1,1,0,2,0,0,0,22.842358159305117,27.908581285036654,2,12.665557814328835,76.0,40.0,126.0,,UNKNOWN_SEM_INTERVALO_DE_FILTRO_DEMONSTRADO,UNKNOWN_SERIE_TEMPORAL_NAO_ADQUIRIDA,80.0,20.0,0.0,0.0,0.0,0.0,0.0,20.0,20.0,0.0,40.0,0.0,0.0
SCALE-500-O00-00309,500,2,2,0,0,0,0,0,0,0,0,0,0,0,0,0,0,,,0,,82.5,68.5,96.5,,UNKNOWN_SEM_INTERVALO_DE_FILTRO_DEMONSTRADO,UNKNOWN_SERIE_TEMPORAL_NAO_ADQUIRIDA,100.0,0.0,0.0,0.0,0.0,0.0,0.0,0.0,0.0,0.0,0.0,0.0,0.0
SCALE-500-O00-00310,500,0,0,0,0,0,0,0,0,0,0,0,0,0,0,0,0,,,0,,,,,,UNKNOWN_SEM_INTERVALO_DE_FILTRO_DEMONSTRADO,UNKNOWN_SERIE_TEMPORAL_NAO_ADQUIRIDA,,,,,,,,,,,,,
SCALE-500-O00-00311,500,0,0,0,0,0,0,0,0,0,0,0,0,0,0,0,0,,,0,,,,,,UNKNOWN_SEM_INTERVALO_DE_FILTRO_DEMONSTRADO,UNKNOWN_SERIE_TEMPORAL_NAO_ADQUIRIDA,,,,,,,,,,,,,
SCALE-500-O00-00312,500,0,0,0,0,0,0,0,0,0,0,0,0,0,0,0,0,,,0,,,,,,UNKNOWN_SEM_INTERVALO_DE_FILTRO_DEMONSTRADO,UNKNOWN_SERIE_TEMPORAL_NAO_ADQUIRIDA,,,,,,,,,,,,,
SCALE-500-O00-00313,500,0,0,0,0,0,0,0,0,0,0,0,0,0,0,0,0,,,0,,,,,,UNKNOWN_SEM_INTERVALO_DE_FILTRO_DEMONSTRADO,UNKNOWN_SERIE_TEMPORAL_NAO_ADQUIRIDA,,,,,,,,,,,,,
SCALE-500-O00-00314,500,0,0,0,0,0,0,0,0,0,0,0,0,0,0,0,0,,,0,,,,,,UNKNOWN_SEM_INTERVALO_DE_FILTRO_DEMONSTRADO,UNKNOWN_SERIE_TEMPORAL_NAO_ADQUIRIDA,,,,,,,,,,,,,
SCALE-500-O00-00315,500,0,0,0,0,0,0,0,0,0,0,0,0,0,0,0,0,,,0,,,,,,UNKNOWN_SEM_INTERVALO_DE_FILTRO_DEMONSTRADO,UNKNOWN_SERIE_TEMPORAL_NAO_ADQUIRIDA,,,,,,,,,,,,,
SCALE-500-O00-00316,500,1,1,0,0,0,0,0,0,0,0,0,0,0,0,0,0,,,0,,130.0,130.0,130.0,,UNKNOWN_SEM_INTERVALO_DE_FILTRO_DEMONSTRADO,UNKNOWN_SERIE_TEMPORAL_NAO_ADQUIRIDA,100.0,0.0,0.0,0.0,0.0,0.0,0.0,0.0,0.0,0.0,0.0,0.0,0.0
SCALE-500-O00-00317,500,0,0,0,0,0,0,0,0,0,0,0,0,0,0,0,0,,,0,,,,,,UNKNOWN_SEM_INTERVALO_DE_FILTRO_DEMONSTRADO,UNKNOWN_SERIE_TEMPORAL_NAO_ADQUIRIDA,,,,,,,,,,,,,
SCALE-500-O00-00318,500,1,1,1,1,1,1,1,0,0,1,1,0,1,1,0,0,14.702560627528285,14.702560627528285,1,0.9555295454389892,80.0,80.0,80.0,61.0,UNKNOWN_SEM_INTERVALO_DE_FILTRO_DEMONSTRADO,UNKNOWN_SERIE_TEMPORAL_NAO_ADQUIRIDA,100.0,100.0,100.0,100.0,100.0,100.0,0.0,100.0,100.0,0.0,100.0,100.0,0.0
SCALE-500-O00-00319,500,3,3,3,0,0,0,0,0,0,3,0,0,3,0,0,0,28.405785197505764,28.405785197505764,2,5.076079590956693,100.0,98.4,116.0,,UNKNOWN_SEM_INTERVALO_DE_FILTRO_DEMONSTRADO,UNKNOWN_SERIE_TEMPORAL_NAO_ADQUIRIDA,100.0,100.0,0.0,0.0,0.0,0.0,0.0,100.0,0.0,0.0,100.0,0.0,0.0
SCALE-500-O00-00320,500,46,41,20,7,7,5,4,6,0,24,10,0,24,10,0,0,21.110631977384887,41.20358392027214,16,36.83032505800941,144.4,90.0,200.0,92.0,UNKNOWN_SEM_INTERVALO_DE_FILTRO_DEMONSTRADO,UNKNOWN_SERIE_TEMPORAL_NAO_ADQUIRIDA,89.13043478260869,43.47826086956522,15.217391304347828,15.217391304347828,10.869565217391305,8.695652173913043,13.043478260869565,52.17391304347826,21.73913043478261,0.0,52.17391304347826,21.73913043478261,0.0
SCALE-500-O00-00321,500,73,66,36,10,11,8,4,11,0,37,18,0,40,15,0,0,18.213926363991046,36.45249389104501,17,42.37458674716113,86.6,48.75,120.0,37.205,UNKNOWN_SEM_INTERVALO_DE_FILTRO_DEMONSTRADO,UNKNOWN_SERIE_TEMPORAL_NAO_ADQUIRIDA,90.41095890410958,49.31506849315068,13.698630136986301,15.068493150684931,10.95890410958904,5.47945205479452,15.068493150684931,50.68493150684932,24.65753424657534,0.0,54.794520547945204,20.54794520547945,0.0
SCALE-500-O00-00322,500,0,0,0,0,0,0,0,0,0,0,0,0,0,0,0,0,,,0,,,,,,UNKNOWN_SEM_INTERVALO_DE_FILTRO_DEMONSTRADO,UNKNOWN_SERIE_TEMPORAL_NAO_ADQUIRIDA,,,,,,,,,,,,,
SCALE-500-O00-00323,500,0,0,0,0,0,0,0,0,0,0,0,0,0,0,0,0,,,0,,,,,,UNKNOWN_SEM_INTERVALO_DE_FILTRO_DEMONSTRADO,UNKNOWN_SERIE_TEMPORAL_NAO_ADQUIRIDA,,,,,,,,,,,,,
SCALE-500-O00-00324,500,0,0,0,0,0,0,0,0,0,0,0,0,0,0,0,0,,,0,,,,,,UNKNOWN_SEM_INTERVALO_DE_FILTRO_DEMONSTRADO,UNKNOWN_SERIE_TEMPORAL_NAO_ADQUIRIDA,,,,,,,,,,,,,
SCALE-500-O00-00325,500,0,0,0,0,0,0,0,0,0,0,0,0,0,0,0,0,,,0,,,,,,UNKNOWN_SEM_INTERVALO_DE_FILTRO_DEMONSTRADO,UNKNOWN_SERIE_TEMPORAL_NAO_ADQUIRIDA,,,,,,,,,,,,,
SCALE-500-O00-00326,500,1,1,1,0,0,0,0,0,0,1,0,0,1,0,0,0,38.095238095238095,38.095238095238095,1,,90.0,90.0,90.0,,UNKNOWN_SEM_INTERVALO_DE_FILTRO_DEMONSTRADO,UNKNOWN_SERIE_TEMPORAL_NAO_ADQUIRIDA,100.0,100.0,0.0,0.0,0.0,0.0,0.0,100.0,0.0,0.0,100.0,0.0,0.0
SCALE-500-O00-00327,500,14,13,7,2,2,2,2,2,0,9,2,0,9,2,0,0,16.89562414012608,40.50678658699357,8,34.995927363327105,125.0,67.2,150.0,97.25,UNKNOWN_SEM_INTERVALO_DE_FILTRO_DEMONSTRADO,UNKNOWN_SERIE_TEMPORAL_NAO_ADQUIRIDA,92.85714285714286,50.0,14.285714285714285,14.285714285714285,14.285714285714285,14.285714285714285,14.285714285714285,64.28571428571429,14.285714285714285,0.0,64.28571428571429,14.285714285714285,0.0
SCALE-500-O00-00328,500,0,0,0,0,0,0,0,0,0,0,0,0,0,0,0,0,,,0,,,,,,UNKNOWN_SEM_INTERVALO_DE_FILTRO_DEMONSTRADO,UNKNOWN_SERIE_TEMPORAL_NAO_ADQUIRIDA,,,,,,,,,,,,,
SCALE-500-O00-00329,500,2,0,0,0,0,0,0,0,0,0,0,0,0,0,0,0,,,0,,,,,,UNKNOWN_SEM_INTERVALO_DE_FILTRO_DEMONSTRADO,UNKNOWN_SERIE_TEMPORAL_NAO_ADQUIRIDA,0.0,0.0,0.0,0.0,0.0,0.0,0.0,0.0,0.0,0.0,0.0,0.0,0.0
SCALE-500-O00-00330,500,1,1,1,0,0,0,0,0,0,1,0,0,1,0,0,0,24.91495376359542,24.91495376359542,1,,88.0,88.0,88.0,,UNKNOWN_SEM_INTERVALO_DE_FILTRO_DEMONSTRADO,UNKNOWN_SERIE_TEMPORAL_NAO_ADQUIRIDA,100.0,100.0,0.0,0.0,0.0,0.0,0.0,100.0,0.0,0.0,100.0,0.0,0.0
SCALE-500-O00-00331,500,1,1,0,0,0,0,0,0,0,0,0,0,0,0,0,0,,,0,,100.0,100.0,100.0,,UNKNOWN_SEM_INTERVALO_DE_FILTRO_DEMONSTRADO,UNKNOWN_SERIE_TEMPORAL_NAO_ADQUIRIDA,100.0,0.0,0.0,0.0,0.0,0.0,0.0,0.0,0.0,0.0,0.0,0.0,0.0
SCALE-500-O00-00332,500,5,5,3,0,0,0,0,0,0,3,0,0,3,0,0,0,35.26698015701896,37.55587041486136,3,21.232468839195878,120.0,108.0,228.0,,UNKNOWN_SEM_INTERVALO_DE_FILTRO_DEMONSTRADO,UNKNOWN_SERIE_TEMPORAL_NAO_ADQUIRIDA,100.0,60.0,0.0,0.0,0.0,0.0,0.0,60.0,0.0,0.0,60.0,0.0,0.0
SCALE-500-O00-00333,500,6,5,4,4,3,3,1,3,0,5,2,0,5,2,0,0,29.49547218628719,35.59881448626597,5,32.663230593372894,100.0,94.0,120.0,7.0,UNKNOWN_SEM_INTERVALO_DE_FILTRO_DEMONSTRADO,UNKNOWN_SERIE_TEMPORAL_NAO_ADQUIRIDA,83.33333333333334,66.66666666666666,66.66666666666666,50.0,50.0,16.666666666666664,50.0,83.33333333333334,33.33333333333333,0.0,83.33333333333334,33.33333333333333,0.0
SCALE-500-O00-00334,500,6,5,0,0,0,0,0,0,0,0,0,0,0,0,0,0,,,0,,124.0,70.4,142.6,,UNKNOWN_SEM_INTERVALO_DE_FILTRO_DEMONSTRADO,UNKNOWN_SERIE_TEMPORAL_NAO_ADQUIRIDA,83.33333333333334,0.0,0.0,0.0,0.0,0.0,0.0,0.0,0.0,0.0,0.0,0.0,0.0
SCALE-500-O00-00335,500,8,6,3,2,2,2,0,3,0,5,0,0,5,0,0,0,24.476888642477256,41.09762691910169,4,31.025962203193767,142.5,111.0,155.75,,UNKNOWN_SEM_INTERVALO_DE_FILTRO_DEMONSTRADO,UNKNOWN_SERIE_TEMPORAL_NAO_ADQUIRIDA,75.0,37.5,25.0,25.0,25.0,0.0,37.5,62.5,0.0,0.0,62.5,0.0,0.0
SCALE-500-O00-00336,500,46,39,21,5,5,2,11,5,0,23,12,0,25,10,0,0,23.458387235877534,33.21574022738318,16,39.636679740172625,120.0,79.6,551.0,106.7,UNKNOWN_SEM_INTERVALO_DE_FILTRO_DEMONSTRADO,UNKNOWN_SERIE_TEMPORAL_NAO_ADQUIRIDA,84.78260869565217,45.65217391304348,10.869565217391305,10.869565217391305,4.3478260869565215,23.91304347826087,10.869565217391305,50.0,26.08695652173913,0.0,54.347826086956516,21.73913043478261,0.0
SCALE-500-O00-00337,500,41,37,11,3,2,1,3,2,0,14,3,0,14,3,0,0,31.65157395429064,43.782144739453926,11,38.278677864706324,110.0,42.0,195.99999999999994,34.0,UNKNOWN_SEM_INTERVALO_DE_FILTRO_DEMONSTRADO,UNKNOWN_SERIE_TEMPORAL_NAO_ADQUIRIDA,90.2439024390244,26.82926829268293,7.317073170731707,4.878048780487805,2.4390243902439024,7.317073170731707,4.878048780487805,34.146341463414636,7.317073170731707,0.0,34.146341463414636,7.317073170731707,0.0
SCALE-500-O00-00338,500,1,0,0,0,0,0,0,0,0,0,0,0,0,0,0,0,,,0,,,,,,UNKNOWN_SEM_INTERVALO_DE_FILTRO_DEMONSTRADO,UNKNOWN_SERIE_TEMPORAL_NAO_ADQUIRIDA,0.0,0.0,0.0,0.0,0.0,0.0,0.0,0.0,0.0,0.0,0.0,0.0,0.0
SCALE-500-O00-00339,500,0,0,0,0,0,0,0,0,0,0,0,0,0,0,0,0,,,0,,,,,,UNKNOWN_SEM_INTERVALO_DE_FILTRO_DEMONSTRADO,UNKNOWN_SERIE_TEMPORAL_NAO_ADQUIRIDA,,,,,,,,,,,,,
SCALE-500-O00-00340,500,0,0,0,0,0,0,0,0,0,0,0,0,0,0,0,0,,,0,,,,,,UNKNOWN_SEM_INTERVALO_DE_FILTRO_DEMONSTRADO,UNKNOWN_SERIE_TEMPORAL_NAO_ADQUIRIDA,,,,,,,,,,,,,
SCALE-500-O00-00341,500,1,1,0,0,0,0,0,0,0,1,1,0,1,1,0,0,15.039323189387872,15.039323189387872,2,1.040404662655633,22.0,22.0,22.0,,UNKNOWN_SEM_INTERVALO_DE_FILTRO_DEMONSTRADO,UNKNOWN_SERIE_TEMPORAL_NAO_ADQUIRIDA,100.0,0.0,0.0,0.0,0.0,0.0,0.0,100.0,100.0,0.0,100.0,100.0,0.0
SCALE-500-O00-00342,500,0,0,0,0,0,0,0,0,0,0,0,0,0,0,0,0,,,0,,,,,,UNKNOWN_SEM_INTERVALO_DE_FILTRO_DEMONSTRADO,UNKNOWN_SERIE_TEMPORAL_NAO_ADQUIRIDA,,,,,,,,,,,,,
SCALE-500-O00-00343,500,0,0,0,0,0,0,0,0,0,0,0,0,0,0,0,0,,,0,,,,,,UNKNOWN_SEM_INTERVALO_DE_FILTRO_DEMONSTRADO,UNKNOWN_SERIE_TEMPORAL_NAO_ADQUIRIDA,,,,,,,,,,,,,
SCALE-500-O00-00344,500,3,3,0,0,0,0,0,0,0,0,0,0,0,0,0,0,,,0,,80.0,64.0,104.0,,UNKNOWN_SEM_INTERVALO_DE_FILTRO_DEMONSTRADO,UNKNOWN_SERIE_TEMPORAL_NAO_ADQUIRIDA,100.0,0.0,0.0,0.0,0.0,0.0,0.0,0.0,0.0,0.0,0.0,0.0,0.0
SCALE-500-O00-00345,500,0,0,0,0,0,0,0,0,0,0,0,0,0,0,0,0,,,0,,,,,,UNKNOWN_SEM_INTERVALO_DE_FILTRO_DEMONSTRADO,UNKNOWN_SERIE_TEMPORAL_NAO_ADQUIRIDA,,,,,,,,,,,,,
SCALE-500-O00-00346,500,0,0,0,0,0,0,0,0,0,0,0,0,0,0,0,0,,,0,,,,,,UNKNOWN_SEM_INTERVALO_DE_FILTRO_DEMONSTRADO,UNKNOWN_SERIE_TEMPORAL_NAO_ADQUIRIDA,,,,,,,,,,,,,
SCALE-500-O00-00347,500,1,1,1,0,0,0,0,0,0,1,0,0,1,0,0,0,48.42262332559874,48.42262332559874,1,,82.3,82.3,82.3,,UNKNOWN_SEM_INTERVALO_DE_FILTRO_DEMONSTRADO,UNKNOWN_SERIE_TEMPORAL_NAO_ADQUIRIDA,100.0,100.0,0.0,0.0,0.0,0.0,0.0,100.0,0.0,0.0,100.0,0.0,0.0
SCALE-500-O00-00348,500,2,2,1,1,1,1,1,1,0,1,1,0,1,1,0,0,14.081055736941895,14.081055736941895,1,0.010951628027954031,132.13,127.226,137.034,80.47999999999999,UNKNOWN_SEM_INTERVALO_DE_FILTRO_DEMONSTRADO,UNKNOWN_SERIE_TEMPORAL_NAO_ADQUIRIDA,100.0,50.0,50.0,50.0,50.0,50.0,50.0,50.0,50.0,0.0,50.0,50.0,0.0
SCALE-500-O00-00349,500,7,5,1,0,0,0,0,0,0,1,1,0,1,1,0,0,17.09549135163624,17.09549135163624,1,0.07118558218170119,60.0,54.0,194.0,,UNKNOWN_SEM_INTERVALO_DE_FILTRO_DEMONSTRADO,UNKNOWN_SERIE_TEMPORAL_NAO_ADQUIRIDA,71.42857142857143,14.285714285714285,0.0,0.0,0.0,0.0,0.0,14.285714285714285,14.285714285714285,0.0,14.285714285714285,14.285714285714285,0.0
SCALE-500-O00-00350,500,0,0,0,0,0,0,0,0,0,0,0,0,0,0,0,0,,,0,,,,,,UNKNOWN_SEM_INTERVALO_DE_FILTRO_DEMONSTRADO,UNKNOWN_SERIE_TEMPORAL_NAO_ADQUIRIDA,,,,,,,,,,,,,
SCALE-500-O00-00351,500,0,0,0,0,0,0,0,0,0,0,0,0,0,0,0,0,,,0,,,,,,UNKNOWN_SEM_INTERVALO_DE_FILTRO_DEMONSTRADO,UNKNOWN_SERIE_TEMPORAL_NAO_ADQUIRIDA,,,,,,,,,,,,,
SCALE-500-O00-00352,500,0,0,0,0,0,0,0,0,0,0,0,0,0,0,0,0,,,0,,,,,,UNKNOWN_SEM_INTERVALO_DE_FILTRO_DEMONSTRADO,UNKNOWN_SERIE_TEMPORAL_NAO_ADQUIRIDA,,,,,,,,,,,,,
SCALE-500-O00-00353,500,0,0,0,0,0,0,0,0,0,0,0,0,0,0,0,0,,,0,,,,,,UNKNOWN_SEM_INTERVALO_DE_FILTRO_DEMONSTRADO,UNKNOWN_SERIE_TEMPORAL_NAO_ADQUIRIDA,,,,,,,,,,,,,
SCALE-500-O00-00354,500,0,0,0,0,0,0,0,0,0,0,0,0,0,0,0,0,,,0,,,,,,UNKNOWN_SEM_INTERVALO_DE_FILTRO_DEMONSTRADO,UNKNOWN_SERIE_TEMPORAL_NAO_ADQUIRIDA,,,,,,,,,,,,,
SCALE-500-O00-00355,500,0,0,0,0,0,0,0,0,0,0,0,0,0,0,0,0,,,0,,,,,,UNKNOWN_SEM_INTERVALO_DE_FILTRO_DEMONSTRADO,UNKNOWN_SERIE_TEMPORAL_NAO_ADQUIRIDA,,,,,,,,,,,,,
SCALE-500-O00-00356,500,0,0,0,0,0,0,0,0,0,0,0,0,0,0,0,0,,,0,,,,,,UNKNOWN_SEM_INTERVALO_DE_FILTRO_DEMONSTRADO,UNKNOWN_SERIE_TEMPORAL_NAO_ADQUIRIDA,,,,,,,,,,,,,
SCALE-500-O00-00357,500,2,2,0,0,0,0,0,0,0,0,0,0,0,0,0,0,,,0,,86.0,74.8,97.2,,UNKNOWN_SEM_INTERVALO_DE_FILTRO_DEMONSTRADO,UNKNOWN_SERIE_TEMPORAL_NAO_ADQUIRIDA,100.0,0.0,0.0,0.0,0.0,0.0,0.0,0.0,0.0,0.0,0.0,0.0,0.0
SCALE-500-O00-00358,500,2,0,0,0,0,0,0,0,0,0,0,0,0,0,0,0,,,0,,,,,,UNKNOWN_SEM_INTERVALO_DE_FILTRO_DEMONSTRADO,UNKNOWN_SERIE_TEMPORAL_NAO_ADQUIRIDA,0.0,0.0,0.0,0.0,0.0,0.0,0.0,0.0,0.0,0.0,0.0,0.0,0.0
SCALE-500-O00-00359,500,1,1,1,1,1,1,0,0,0,1,1,0,1,1,0,0,16.93395483822392,16.93395483822392,1,0.722807449844966,40.0,40.0,40.0,,UNKNOWN_SEM_INTERVALO_DE_FILTRO_DEMONSTRADO,UNKNOWN_SERIE_TEMPORAL_NAO_ADQUIRIDA,100.0,100.0,100.0,100.0,100.0,0.0,0.0,100.0,100.0,0.0,100.0,100.0,0.0
SCALE-500-O00-00360,500,0,0,0,0,0,0,0,0,0,0,0,0,0,0,0,0,,,0,,,,,,UNKNOWN_SEM_INTERVALO_DE_FILTRO_DEMONSTRADO,UNKNOWN_SERIE_TEMPORAL_NAO_ADQUIRIDA,,,,,,,,,,,,,
SCALE-500-O00-00361,500,48,47,30,2,2,2,0,9,0,32,4,0,32,4,0,0,46.15563632381226,60.355517224857465,15,48.72926891038146,150.0,68.4,218.8,,UNKNOWN_SEM_INTERVALO_DE_FILTRO_DEMONSTRADO,UNKNOWN_SERIE_TEMPORAL_NAO_ADQUIRIDA,97.91666666666666,62.5,4.166666666666666,4.166666666666666,4.166666666666666,0.0,18.75,66.66666666666666,8.333333333333332,0.0,66.66666666666666,8.333333333333332,0.0
SCALE-500-O00-00362,500,11,10,5,0,0,0,0,0,0,4,1,0,4,1,0,0,25.48170051404204,37.51452801905583,4,22.374176061110084,150.0,100.0,173.99999999999994,,UNKNOWN_SEM_INTERVALO_DE_FILTRO_DEMONSTRADO,UNKNOWN_SERIE_TEMPORAL_NAO_ADQUIRIDA,90.9090909090909,45.45454545454545,0.0,0.0,0.0,0.0,0.0,36.36363636363637,9.090909090909092,0.0,36.36363636363637,9.090909090909092,0.0
SCALE-500-O00-00363,500,5,4,3,1,0,1,0,0,0,3,2,0,3,2,0,0,15.617021567862448,16.495342135704362,3,7.718159852700603,105.0,93.0,111.89,,UNKNOWN_SEM_INTERVALO_DE_FILTRO_DEMONSTRADO,UNKNOWN_SERIE_TEMPORAL_NAO_ADQUIRIDA,80.0,60.0,20.0,0.0,20.0,0.0,0.0,60.0,40.0,0.0,60.0,40.0,0.0
SCALE-500-O00-00364,500,14,4,0,0,0,0,0,0,0,0,0,0,0,0,0,0,,,0,,85.0,63.0,135.0,,UNKNOWN_SEM_INTERVALO_DE_FILTRO_DEMONSTRADO,UNKNOWN_SERIE_TEMPORAL_NAO_ADQUIRIDA,28.57142857142857,0.0,0.0,0.0,0.0,0.0,0.0,0.0,0.0,0.0,0.0,0.0,0.0
SCALE-500-O00-00365,500,74,69,17,13,13,3,17,12,0,27,16,0,27,16,0,0,16.89562414012608,47.039980287069554,16,38.36355298192297,130.0,76.80000000000001,215.0,82.0,UNKNOWN_SEM_INTERVALO_DE_FILTRO_DEMONSTRADO,UNKNOWN_SERIE_TEMPORAL_NAO_ADQUIRIDA,93.24324324324324,22.972972972972975,17.56756756756757,17.56756756756757,4.054054054054054,22.972972972972975,16.216216216216218,36.486486486486484,21.62162162162162,0.0,36.486486486486484,21.62162162162162,0.0
SCALE-500-O00-00366,500,391,375,146,32,23,11,53,24,0,168,49,0,175,42,0,0,30.05126730870586,44.326714443143935,37,48.46095402369659,115.0,65.4,192.4000000000001,56.0,UNKNOWN_SEM_INTERVALO_DE_FILTRO_DEMONSTRADO,UNKNOWN_SERIE_TEMPORAL_NAO_ADQUIRIDA,95.9079283887468,37.34015345268542,8.184143222506394,5.88235294117647,2.813299232736573,13.554987212276215,6.138107416879795,42.96675191815857,12.531969309462914,0.0,44.75703324808184,10.741687979539643,0.0
SCALE-500-O00-00367,500,3,3,0,0,0,0,0,0,0,0,0,0,0,0,0,0,,,0,,85.0,81.0,93.0,,UNKNOWN_SEM_INTERVALO_DE_FILTRO_DEMONSTRADO,UNKNOWN_SERIE_TEMPORAL_NAO_ADQUIRIDA,100.0,0.0,0.0,0.0,0.0,0.0,0.0,0.0,0.0,0.0,0.0,0.0,0.0
SCALE-500-O00-00368,500,3,3,0,0,0,0,0,0,0,0,0,0,0,0,0,0,,,0,,70.0,66.0,169.20000000000002,,UNKNOWN_SEM_INTERVALO_DE_FILTRO_DEMONSTRADO,UNKNOWN_SERIE_TEMPORAL_NAO_ADQUIRIDA,100.0,0.0,0.0,0.0,0.0,0.0,0.0,0.0,0.0,0.0,0.0,0.0,0.0
SCALE-500-O00-00369,500,4,4,1,0,0,0,0,0,0,1,0,0,1,0,0,0,34.552386428194964,34.552386428194964,1,,1779.0,127.60000000000001,3366.0,,UNKNOWN_SEM_INTERVALO_DE_FILTRO_DEMONSTRADO,UNKNOWN_SERIE_TEMPORAL_NAO_ADQUIRIDA,100.0,25.0,0.0,0.0,0.0,0.0,0.0,25.0,0.0,0.0,25.0,0.0,0.0
SCALE-500-O00-00370,500,28,25,6,3,2,2,5,2,0,9,7,2,10,6,1,0,16.591716462350355,27.35470269752287,10,44.34040397817888,120.0,50.8,284.40000000000003,70.0,UNKNOWN_SEM_INTERVALO_DE_FILTRO_DEMONSTRADO,UNKNOWN_SERIE_TEMPORAL_NAO_ADQUIRIDA,89.28571428571429,21.428571428571427,10.714285714285714,7.142857142857142,7.142857142857142,17.857142857142858,7.142857142857142,32.142857142857146,25.0,7.142857142857142,35.714285714285715,21.428571428571427,3.571428571428571
SCALE-500-O00-00371,500,0,0,0,0,0,0,0,0,0,0,0,0,0,0,0,0,,,0,,,,,,UNKNOWN_SEM_INTERVALO_DE_FILTRO_DEMONSTRADO,UNKNOWN_SERIE_TEMPORAL_NAO_ADQUIRIDA,,,,,,,,,,,,,
SCALE-500-O00-00372,500,1,0,0,0,0,0,0,0,0,0,0,0,0,0,0,0,,,0,,,,,,UNKNOWN_SEM_INTERVALO_DE_FILTRO_DEMONSTRADO,UNKNOWN_SERIE_TEMPORAL_NAO_ADQUIRIDA,0.0,0.0,0.0,0.0,0.0,0.0,0.0,0.0,0.0,0.0,0.0,0.0,0.0
SCALE-500-O00-00373,500,22,22,8,4,4,4,2,8,0,15,9,0,15,9,0,0,24.43308213036544,46.642983771056215,11,37.00828901346366,59.0,54.1,143.00000000000014,49.85,UNKNOWN_SEM_INTERVALO_DE_FILTRO_DEMONSTRADO,UNKNOWN_SERIE_TEMPORAL_NAO_ADQUIRIDA,100.0,36.36363636363637,18.181818181818183,18.181818181818183,18.181818181818183,9.090909090909092,36.36363636363637,68.18181818181817,40.909090909090914,0.0,68.18181818181817,40.909090909090914,0.0
SCALE-500-O00-00374,500,13,13,2,1,1,1,0,1,0,2,1,1,2,1,1,0,9.875630574207547,15.579238451166006,4,22.09217163939027,80.0,58.8,179.60000000000002,,UNKNOWN_SEM_INTERVALO_DE_FILTRO_DEMONSTRADO,UNKNOWN_SERIE_TEMPORAL_NAO_ADQUIRIDA,100.0,15.384615384615385,7.6923076923076925,7.6923076923076925,7.6923076923076925,0.0,7.6923076923076925,15.384615384615385,7.6923076923076925,7.6923076923076925,15.384615384615385,7.6923076923076925,7.6923076923076925
SCALE-500-O00-00375,500,1,0,0,0,0,0,0,0,0,0,0,0,0,0,0,0,,,0,,,,,,UNKNOWN_SEM_INTERVALO_DE_FILTRO_DEMONSTRADO,UNKNOWN_SERIE_TEMPORAL_NAO_ADQUIRIDA,0.0,0.0,0.0,0.0,0.0,0.0,0.0,0.0,0.0,0.0,0.0,0.0,0.0
SCALE-500-O00-00376,500,0,0,0,0,0,0,0,0,0,0,0,0,0,0,0,0,,,0,,,,,,UNKNOWN_SEM_INTERVALO_DE_FILTRO_DEMONSTRADO,UNKNOWN_SERIE_TEMPORAL_NAO_ADQUIRIDA,,,,,,,,,,,,,
SCALE-500-O00-00377,500,0,0,0,0,0,0,0,0,0,0,0,0,0,0,0,0,,,0,,,,,,UNKNOWN_SEM_INTERVALO_DE_FILTRO_DEMONSTRADO,UNKNOWN_SERIE_TEMPORAL_NAO_ADQUIRIDA,,,,,,,,,,,,,
SCALE-500-O00-00378,500,0,0,0,0,0,0,0,0,0,0,0,0,0,0,0,0,,,0,,,,,,UNKNOWN_SEM_INTERVALO_DE_FILTRO_DEMONSTRADO,UNKNOWN_SERIE_TEMPORAL_NAO_ADQUIRIDA,,,,,,,,,,,,,
SCALE-500-O00-00379,500,1,1,0,0,0,0,0,0,0,1,1,0,1,1,0,0,16.85455553502125,16.85455553502125,1,0.013689535034942538,130.0,130.0,130.0,,UNKNOWN_SEM_INTERVALO_DE_FILTRO_DEMONSTRADO,UNKNOWN_SERIE_TEMPORAL_NAO_ADQUIRIDA,100.0,0.0,0.0,0.0,0.0,0.0,0.0,100.0,100.0,0.0,100.0,100.0,0.0
SCALE-500-O00-00380,500,13,13,8,4,4,2,2,5,0,11,5,0,11,5,0,0,28.75076148038632,46.382882605392304,10,56.17911387639719,96.0,38.800000000000004,160.0,100.5,UNKNOWN_SEM_INTERVALO_DE_FILTRO_DEMONSTRADO,UNKNOWN_SERIE_TEMPORAL_NAO_ADQUIRIDA,100.0,61.53846153846154,30.76923076923077,30.76923076923077,15.384615384615385,15.384615384615385,38.46153846153847,84.61538461538461,38.46153846153847,0.0,84.61538461538461,38.46153846153847,0.0
SCALE-500-O00-00381,500,0,0,0,0,0,0,0,0,0,0,0,0,0,0,0,0,,,0,,,,,,UNKNOWN_SEM_INTERVALO_DE_FILTRO_DEMONSTRADO,UNKNOWN_SERIE_TEMPORAL_NAO_ADQUIRIDA,,,,,,,,,,,,,
SCALE-500-O00-00382,500,0,0,0,0,0,0,0,0,0,0,0,0,0,0,0,0,,,0,,,,,,UNKNOWN_SEM_INTERVALO_DE_FILTRO_DEMONSTRADO,UNKNOWN_SERIE_TEMPORAL_NAO_ADQUIRIDA,,,,,,,,,,,,,
SCALE-500-O00-00383,500,0,0,0,0,0,0,0,0,0,0,0,0,0,0,0,0,,,0,,,,,,UNKNOWN_SEM_INTERVALO_DE_FILTRO_DEMONSTRADO,UNKNOWN_SERIE_TEMPORAL_NAO_ADQUIRIDA,,,,,,,,,,,,,
SCALE-500-O00-00384,500,0,0,0,0,0,0,0,0,0,0,0,0,0,0,0,0,,,0,,,,,,UNKNOWN_SEM_INTERVALO_DE_FILTRO_DEMONSTRADO,UNKNOWN_SERIE_TEMPORAL_NAO_ADQUIRIDA,,,,,,,,,,,,,
SCALE-500-O00-00385,500,0,0,0,0,0,0,0,0,0,0,0,0,0,0,0,0,,,0,,,,,,UNKNOWN_SEM_INTERVALO_DE_FILTRO_DEMONSTRADO,UNKNOWN_SERIE_TEMPORAL_NAO_ADQUIRIDA,,,,,,,,,,,,,
SCALE-500-O00-00386,500,0,0,0,0,0,0,0,0,0,0,0,0,0,0,0,0,,,0,,,,,,UNKNOWN_SEM_INTERVALO_DE_FILTRO_DEMONSTRADO,UNKNOWN_SERIE_TEMPORAL_NAO_ADQUIRIDA,,,,,,,,,,,,,
SCALE-500-O00-00387,500,0,0,0,0,0,0,0,0,0,0,0,0,0,0,0,0,,,0,,,,,,UNKNOWN_SEM_INTERVALO_DE_FILTRO_DEMONSTRADO,UNKNOWN_SERIE_TEMPORAL_NAO_ADQUIRIDA,,,,,,,,,,,,,
SCALE-500-O00-00388,500,2,1,1,1,1,1,1,0,0,1,1,0,1,1,0,0,16.487675996084793,16.487675996084793,1,0.021903256055908062,108.0,108.0,108.0,98.0,UNKNOWN_SEM_INTERVALO_DE_FILTRO_DEMONSTRADO,UNKNOWN_SERIE_TEMPORAL_NAO_ADQUIRIDA,50.0,50.0,50.0,50.0,50.0,50.0,0.0,50.0,50.0,0.0,50.0,50.0,0.0
SCALE-500-O00-00389,500,0,0,0,0,0,0,0,0,0,0,0,0,0,0,0,0,,,0,,,,,,UNKNOWN_SEM_INTERVALO_DE_FILTRO_DEMONSTRADO,UNKNOWN_SERIE_TEMPORAL_NAO_ADQUIRIDA,,,,,,,,,,,,,
SCALE-500-O00-00390,500,6,5,4,2,2,2,2,2,0,3,2,0,3,2,0,0,16.93395483822392,31.58285248841523,3,18.58765067044498,30.0,27.6,116.0,20.5,UNKNOWN_SEM_INTERVALO_DE_FILTRO_DEMONSTRADO,UNKNOWN_SERIE_TEMPORAL_NAO_ADQUIRIDA,83.33333333333334,66.66666666666666,33.33333333333333,33.33333333333333,33.33333333333333,33.33333333333333,33.33333333333333,50.0,33.33333333333333,0.0,50.0,33.33333333333333,0.0
SCALE-500-O00-00391,500,4,4,2,0,0,0,0,0,0,2,0,0,2,0,0,0,36.39362889039474,51.99203269060966,2,38.99600950053731,102.0,66.16,174.10000000000002,,UNKNOWN_SEM_INTERVALO_DE_FILTRO_DEMONSTRADO,UNKNOWN_SERIE_TEMPORAL_NAO_ADQUIRIDA,100.0,50.0,0.0,0.0,0.0,0.0,0.0,50.0,0.0,0.0,50.0,0.0,0.0
SCALE-500-O00-00392,500,0,0,0,0,0,0,0,0,0,0,0,0,0,0,0,0,,,0,,,,,,UNKNOWN_SEM_INTERVALO_DE_FILTRO_DEMONSTRADO,UNKNOWN_SERIE_TEMPORAL_NAO_ADQUIRIDA,,,,,,,,,,,,,
SCALE-500-O00-00393,500,1,0,0,0,0,0,0,0,0,0,0,0,0,0,0,0,,,0,,,,,,UNKNOWN_SEM_INTERVALO_DE_FILTRO_DEMONSTRADO,UNKNOWN_SERIE_TEMPORAL_NAO_ADQUIRIDA,0.0,0.0,0.0,0.0,0.0,0.0,0.0,0.0,0.0,0.0,0.0,0.0,0.0
SCALE-500-O00-00394,500,3,3,2,0,0,0,0,0,0,1,0,0,1,0,0,0,42.317090700014376,42.317090700014376,1,,120.0,88.0,264.0,,UNKNOWN_SEM_INTERVALO_DE_FILTRO_DEMONSTRADO,UNKNOWN_SERIE_TEMPORAL_NAO_ADQUIRIDA,100.0,66.66666666666666,0.0,0.0,0.0,0.0,0.0,33.33333333333333,0.0,0.0,33.33333333333333,0.0,0.0
SCALE-500-O00-00395,500,2,2,0,0,0,0,0,0,0,0,0,0,0,0,0,0,,,0,,116.0,112.8,119.2,,UNKNOWN_SEM_INTERVALO_DE_FILTRO_DEMONSTRADO,UNKNOWN_SERIE_TEMPORAL_NAO_ADQUIRIDA,100.0,0.0,0.0,0.0,0.0,0.0,0.0,0.0,0.0,0.0,0.0,0.0,0.0
SCALE-500-O00-00396,500,9,8,0,0,0,0,1,0,0,1,1,0,1,1,0,0,6.978924960813706,6.978924960813706,2,15.107770864562585,92.5,75.5,104.4,59.0,UNKNOWN_SEM_INTERVALO_DE_FILTRO_DEMONSTRADO,UNKNOWN_SERIE_TEMPORAL_NAO_ADQUIRIDA,88.88888888888889,0.0,0.0,0.0,0.0,11.11111111111111,0.0,11.11111111111111,11.11111111111111,0.0,11.11111111111111,11.11111111111111,0.0
SCALE-500-O00-00397,500,3,3,1,0,0,0,0,0,0,1,1,0,1,1,0,0,16.668377858546034,16.668377858546034,1,0.0,104.0,101.6,116.8,,UNKNOWN_SEM_INTERVALO_DE_FILTRO_DEMONSTRADO,UNKNOWN_SERIE_TEMPORAL_NAO_ADQUIRIDA,100.0,33.33333333333333,0.0,0.0,0.0,0.0,0.0,33.33333333333333,33.33333333333333,0.0,33.33333333333333,33.33333333333333,0.0
SCALE-500-O00-00398,500,7,6,2,0,0,0,0,0,0,0,0,0,0,0,0,0,,,0,,125.0,76.5,261.0,,UNKNOWN_SEM_INTERVALO_DE_FILTRO_DEMONSTRADO,UNKNOWN_SERIE_TEMPORAL_NAO_ADQUIRIDA,85.71428571428571,28.57142857142857,0.0,0.0,0.0,0.0,0.0,0.0,0.0,0.0,0.0,0.0,0.0
SCALE-500-O00-00399,500,1,0,0,0,0,0,0,0,0,0,0,0,0,0,0,0,,,0,,,,,,UNKNOWN_SEM_INTERVALO_DE_FILTRO_DEMONSTRADO,UNKNOWN_SERIE_TEMPORAL_NAO_ADQUIRIDA,0.0,0.0,0.0,0.0,0.0,0.0,0.0,0.0,0.0,0.0,0.0,0.0,0.0
SCALE-500-O00-00400,500,0,0,0,0,0,0,0,0,0,0,0,0,0,0,0,0,,,0,,,,,,UNKNOWN_SEM_INTERVALO_DE_FILTRO_DEMONSTRADO,UNKNOWN_SERIE_TEMPORAL_NAO_ADQUIRIDA,,,,,,,,,,,,,
SCALE-500-O00-00401,500,3,3,2,0,0,0,0,0,0,2,0,0,2,0,0,0,8.09325311265803,8.102014415080392,1,0.021903256055908062,110.0,108.4,119.6,,UNKNOWN_SEM_INTERVALO_DE_FILTRO_DEMONSTRADO,UNKNOWN_SERIE_TEMPORAL_NAO_ADQUIRIDA,100.0,66.66666666666666,0.0,0.0,0.0,0.0,0.0,66.66666666666666,0.0,0.0,66.66666666666666,0.0,0.0
SCALE-500-O00-00402,500,0,0,0,0,0,0,0,0,0,0,0,0,0,0,0,0,,,0,,,,,,UNKNOWN_SEM_INTERVALO_DE_FILTRO_DEMONSTRADO,UNKNOWN_SERIE_TEMPORAL_NAO_ADQUIRIDA,,,,,,,,,,,,,
SCALE-500-O00-00403,500,2,0,0,0,0,0,0,0,0,0,0,0,0,0,0,0,,,0,,,,,,UNKNOWN_SEM_INTERVALO_DE_FILTRO_DEMONSTRADO,UNKNOWN_SERIE_TEMPORAL_NAO_ADQUIRIDA,0.0,0.0,0.0,0.0,0.0,0.0,0.0,0.0,0.0,0.0,0.0,0.0,0.0
SCALE-500-O00-00404,500,7,7,0,0,0,0,0,0,0,0,0,0,0,0,0,0,,,0,,120.0,83.6,136.8,,UNKNOWN_SEM_INTERVALO_DE_FILTRO_DEMONSTRADO,UNKNOWN_SERIE_TEMPORAL_NAO_ADQUIRIDA,100.0,0.0,0.0,0.0,0.0,0.0,0.0,0.0,0.0,0.0,0.0,0.0,0.0
SCALE-500-O00-00405,500,1,1,0,0,0,0,0,0,0,0,0,0,0,0,0,0,,,0,,100.0,100.0,100.0,,UNKNOWN_SEM_INTERVALO_DE_FILTRO_DEMONSTRADO,UNKNOWN_SERIE_TEMPORAL_NAO_ADQUIRIDA,100.0,0.0,0.0,0.0,0.0,0.0,0.0,0.0,0.0,0.0,0.0,0.0,0.0
SCALE-500-O00-00406,500,0,0,0,0,0,0,0,0,0,0,0,0,0,0,0,0,,,0,,,,,,UNKNOWN_SEM_INTERVALO_DE_FILTRO_DEMONSTRADO,UNKNOWN_SERIE_TEMPORAL_NAO_ADQUIRIDA,,,,,,,,,,,,,
SCALE-500-O00-00407,500,0,0,0,0,0,0,0,0,0,0,0,0,0,0,0,0,,,0,,,,,,UNKNOWN_SEM_INTERVALO_DE_FILTRO_DEMONSTRADO,UNKNOWN_SERIE_TEMPORAL_NAO_ADQUIRIDA,,,,,,,,,,,,,
SCALE-500-O00-00408,500,0,0,0,0,0,0,0,0,0,0,0,0,0,0,0,0,,,0,,,,,,UNKNOWN_SEM_INTERVALO_DE_FILTRO_DEMONSTRADO,UNKNOWN_SERIE_TEMPORAL_NAO_ADQUIRIDA,,,,,,,,,,,,,
SCALE-500-O00-00409,500,0,0,0,0,0,0,0,0,0,0,0,0,0,0,0,0,,,0,,,,,,UNKNOWN_SEM_INTERVALO_DE_FILTRO_DEMONSTRADO,UNKNOWN_SERIE_TEMPORAL_NAO_ADQUIRIDA,,,,,,,,,,,,,
SCALE-500-O00-00410,500,0,0,0,0,0,0,0,0,0,0,0,0,0,0,0,0,,,0,,,,,,UNKNOWN_SEM_INTERVALO_DE_FILTRO_DEMONSTRADO,UNKNOWN_SERIE_TEMPORAL_NAO_ADQUIRIDA,,,,,,,,,,,,,
SCALE-500-O00-00411,500,0,0,0,0,0,0,0,0,0,0,0,0,0,0,0,0,,,0,,,,,,UNKNOWN_SEM_INTERVALO_DE_FILTRO_DEMONSTRADO,UNKNOWN_SERIE_TEMPORAL_NAO_ADQUIRIDA,,,,,,,,,,,,,
SCALE-500-O00-00412,500,0,0,0,0,0,0,0,0,0,0,0,0,0,0,0,0,,,0,,,,,,UNKNOWN_SEM_INTERVALO_DE_FILTRO_DEMONSTRADO,UNKNOWN_SERIE_TEMPORAL_NAO_ADQUIRIDA,,,,,,,,,,,,,
SCALE-500-O00-00413,500,2,2,0,1,1,1,0,1,0,1,0,0,1,0,0,0,42.850982566377134,42.850982566377134,1,,90.0,58.0,122.0,,UNKNOWN_SEM_INTERVALO_DE_FILTRO_DEMONSTRADO,UNKNOWN_SERIE_TEMPORAL_NAO_ADQUIRIDA,100.0,0.0,50.0,50.0,50.0,0.0,50.0,50.0,0.0,0.0,50.0,0.0,0.0
SCALE-500-O00-00414,500,0,0,0,0,0,0,0,0,0,0,0,0,0,0,0,0,,,0,,,,,,UNKNOWN_SEM_INTERVALO_DE_FILTRO_DEMONSTRADO,UNKNOWN_SERIE_TEMPORAL_NAO_ADQUIRIDA,,,,,,,,,,,,,
SCALE-500-O00-00415,500,0,0,0,0,0,0,0,0,0,0,0,0,0,0,0,0,,,0,,,,,,UNKNOWN_SEM_INTERVALO_DE_FILTRO_DEMONSTRADO,UNKNOWN_SERIE_TEMPORAL_NAO_ADQUIRIDA,,,,,,,,,,,,,
SCALE-500-O00-00416,500,0,0,0,0,0,0,0,0,0,0,0,0,0,0,0,0,,,0,,,,,,UNKNOWN_SEM_INTERVALO_DE_FILTRO_DEMONSTRADO,UNKNOWN_SERIE_TEMPORAL_NAO_ADQUIRIDA,,,,,,,,,,,,,
SCALE-500-O00-00417,500,0,0,0,0,0,0,0,0,0,0,0,0,0,0,0,0,,,0,,,,,,UNKNOWN_SEM_INTERVALO_DE_FILTRO_DEMONSTRADO,UNKNOWN_SERIE_TEMPORAL_NAO_ADQUIRIDA,,,,,,,,,,,,,
SCALE-500-O00-00418,500,0,0,0,0,0,0,0,0,0,0,0,0,0,0,0,0,,,0,,,,,,UNKNOWN_SEM_INTERVALO_DE_FILTRO_DEMONSTRADO,UNKNOWN_SERIE_TEMPORAL_NAO_ADQUIRIDA,,,,,,,,,,,,,
SCALE-500-O00-00419,500,3,3,0,0,0,0,0,0,0,0,0,0,0,0,0,0,,,0,,135.0,119.8,155.0,,UNKNOWN_SEM_INTERVALO_DE_FILTRO_DEMONSTRADO,UNKNOWN_SERIE_TEMPORAL_NAO_ADQUIRIDA,100.0,0.0,0.0,0.0,0.0,0.0,0.0,0.0,0.0,0.0,0.0,0.0,0.0
SCALE-500-O00-00420,500,3,1,0,0,0,0,0,0,0,0,0,0,0,0,0,0,,,0,,108.0,108.0,108.0,,UNKNOWN_SEM_INTERVALO_DE_FILTRO_DEMONSTRADO,UNKNOWN_SERIE_TEMPORAL_NAO_ADQUIRIDA,33.33333333333333,0.0,0.0,0.0,0.0,0.0,0.0,0.0,0.0,0.0,0.0,0.0,0.0
SCALE-500-O00-00421,500,12,11,7,1,1,1,1,1,0,8,3,0,8,3,0,0,16.953120187272837,17.051684839524427,1,0.7584002409358166,114.0,40.0,120.0,29.0,UNKNOWN_SEM_INTERVALO_DE_FILTRO_DEMONSTRADO,UNKNOWN_SERIE_TEMPORAL_NAO_ADQUIRIDA,91.66666666666666,58.333333333333336,8.333333333333332,8.333333333333332,8.333333333333332,8.333333333333332,8.333333333333332,66.66666666666666,25.0,0.0,66.66666666666666,25.0,0.0
SCALE-500-O00-00422,500,3,3,0,0,0,0,0,0,0,2,1,0,2,1,0,0,17.2953585631464,17.58448154308439,1,0.722807449844966,70.0,46.0,74.8,,UNKNOWN_SEM_INTERVALO_DE_FILTRO_DEMONSTRADO,UNKNOWN_SERIE_TEMPORAL_NAO_ADQUIRIDA,100.0,0.0,0.0,0.0,0.0,0.0,0.0,66.66666666666666,33.33333333333333,0.0,66.66666666666666,33.33333333333333,0.0
SCALE-500-O00-00423,500,0,0,0,0,0,0,0,0,0,0,0,0,0,0,0,0,,,0,,,,,,UNKNOWN_SEM_INTERVALO_DE_FILTRO_DEMONSTRADO,UNKNOWN_SERIE_TEMPORAL_NAO_ADQUIRIDA,,,,,,,,,,,,,
SCALE-500-O00-00424,500,0,0,0,0,0,0,0,0,0,0,0,0,0,0,0,0,,,0,,,,,,UNKNOWN_SEM_INTERVALO_DE_FILTRO_DEMONSTRADO,UNKNOWN_SERIE_TEMPORAL_NAO_ADQUIRIDA,,,,,,,,,,,,,
SCALE-500-O00-00425,500,0,0,0,0,0,0,0,0,0,0,0,0,0,0,0,0,,,0,,,,,,UNKNOWN_SEM_INTERVALO_DE_FILTRO_DEMONSTRADO,UNKNOWN_SERIE_TEMPORAL_NAO_ADQUIRIDA,,,,,,,,,,,,,
SCALE-500-O00-00426,500,0,0,0,0,0,0,0,0,0,0,0,0,0,0,0,0,,,0,,,,,,UNKNOWN_SEM_INTERVALO_DE_FILTRO_DEMONSTRADO,UNKNOWN_SERIE_TEMPORAL_NAO_ADQUIRIDA,,,,,,,,,,,,,
SCALE-500-O00-00427,500,3,3,0,0,0,0,0,1,0,0,0,0,0,0,0,0,,,0,,120.0,104.0,187.2,,UNKNOWN_SEM_INTERVALO_DE_FILTRO_DEMONSTRADO,UNKNOWN_SERIE_TEMPORAL_NAO_ADQUIRIDA,100.0,0.0,0.0,0.0,0.0,0.0,33.33333333333333,0.0,0.0,0.0,0.0,0.0,0.0
SCALE-500-O00-00428,500,15,15,5,6,5,5,2,5,0,7,1,1,7,1,1,0,31.521523371458688,38.48566363443466,7,36.51546575220573,109.1,69.8,150.0,64.65,UNKNOWN_SEM_INTERVALO_DE_FILTRO_DEMONSTRADO,UNKNOWN_SERIE_TEMPORAL_NAO_ADQUIRIDA,100.0,33.33333333333333,40.0,33.33333333333333,33.33333333333333,13.333333333333334,33.33333333333333,46.666666666666664,6.666666666666667,6.666666666666667,46.666666666666664,6.666666666666667,6.666666666666667
SCALE-500-O00-00429,500,3,3,1,0,0,0,0,0,0,1,0,0,1,0,0,0,9.407448476012512,9.407448476012512,1,,94.0,90.8,125.2,,UNKNOWN_SEM_INTERVALO_DE_FILTRO_DEMONSTRADO,UNKNOWN_SERIE_TEMPORAL_NAO_ADQUIRIDA,100.0,33.33333333333333,0.0,0.0,0.0,0.0,0.0,33.33333333333333,0.0,0.0,33.33333333333333,0.0,0.0
SCALE-500-O00-00430,500,6,6,1,1,0,0,0,0,0,3,0,0,3,0,0,0,30.333271730425675,40.55771165732356,3,36.13215877122733,121.0,85.0,195.0,,UNKNOWN_SEM_INTERVALO_DE_FILTRO_DEMONSTRADO,UNKNOWN_SERIE_TEMPORAL_NAO_ADQUIRIDA,100.0,16.666666666666664,16.666666666666664,0.0,0.0,0.0,0.0,50.0,0.0,0.0,50.0,0.0,0.0
SCALE-500-O00-00431,500,0,0,0,0,0,0,0,0,0,0,0,0,0,0,0,0,,,0,,,,,,UNKNOWN_SEM_INTERVALO_DE_FILTRO_DEMONSTRADO,UNKNOWN_SERIE_TEMPORAL_NAO_ADQUIRIDA,,,,,,,,,,,,,
SCALE-500-O00-00432,500,0,0,0,0,0,0,0,0,0,0,0,0,0,0,0,0,,,0,,,,,,UNKNOWN_SEM_INTERVALO_DE_FILTRO_DEMONSTRADO,UNKNOWN_SERIE_TEMPORAL_NAO_ADQUIRIDA,,,,,,,,,,,,,
SCALE-500-O00-00433,500,0,0,0,0,0,0,0,0,0,0,0,0,0,0,0,0,,,0,,,,,,UNKNOWN_SEM_INTERVALO_DE_FILTRO_DEMONSTRADO,UNKNOWN_SERIE_TEMPORAL_NAO_ADQUIRIDA,,,,,,,,,,,,,
SCALE-500-O00-00434,500,1,1,0,0,0,0,0,0,0,0,0,0,0,0,0,0,,,0,,100.0,100.0,100.0,,UNKNOWN_SEM_INTERVALO_DE_FILTRO_DEMONSTRADO,UNKNOWN_SERIE_TEMPORAL_NAO_ADQUIRIDA,100.0,0.0,0.0,0.0,0.0,0.0,0.0,0.0,0.0,0.0,0.0,0.0,0.0
SCALE-500-O00-00435,500,2,2,1,1,1,1,0,0,0,1,0,0,1,0,1,0,3.3429844555329677,3.3429844555329677,1,,102.0,79.6,124.4,,UNKNOWN_SEM_INTERVALO_DE_FILTRO_DEMONSTRADO,UNKNOWN_SERIE_TEMPORAL_NAO_ADQUIRIDA,100.0,50.0,50.0,50.0,50.0,0.0,0.0,50.0,0.0,0.0,50.0,0.0,50.0
SCALE-500-O00-00436,500,0,0,0,0,0,0,0,0,0,0,0,0,0,0,0,0,,,0,,,,,,UNKNOWN_SEM_INTERVALO_DE_FILTRO_DEMONSTRADO,UNKNOWN_SERIE_TEMPORAL_NAO_ADQUIRIDA,,,,,,,,,,,,,
SCALE-500-O00-00437,500,0,0,0,0,0,0,0,0,0,0,0,0,0,0,0,0,,,0,,,,,,UNKNOWN_SEM_INTERVALO_DE_FILTRO_DEMONSTRADO,UNKNOWN_SERIE_TEMPORAL_NAO_ADQUIRIDA,,,,,,,,,,,,,
SCALE-500-O00-00438,500,1,1,0,0,0,0,0,0,0,0,0,0,0,0,0,0,,,0,,120.0,120.0,120.0,,UNKNOWN_SEM_INTERVALO_DE_FILTRO_DEMONSTRADO,UNKNOWN_SERIE_TEMPORAL_NAO_ADQUIRIDA,100.0,0.0,0.0,0.0,0.0,0.0,0.0,0.0,0.0,0.0,0.0,0.0,0.0
SCALE-500-O00-00439,500,1,1,1,1,1,1,0,0,0,1,0,0,1,0,1,0,3.280012594372232,3.280012594372232,1,,76.0,76.0,76.0,,UNKNOWN_SEM_INTERVALO_DE_FILTRO_DEMONSTRADO,UNKNOWN_SERIE_TEMPORAL_NAO_ADQUIRIDA,100.0,100.0,100.0,100.0,100.0,0.0,0.0,100.0,0.0,0.0,100.0,0.0,100.0
SCALE-500-O00-00440,500,0,0,0,0,0,0,0,0,0,0,0,0,0,0,0,0,,,0,,,,,,UNKNOWN_SEM_INTERVALO_DE_FILTRO_DEMONSTRADO,UNKNOWN_SERIE_TEMPORAL_NAO_ADQUIRIDA,,,,,,,,,,,,,
SCALE-500-O00-00441,500,0,0,0,0,0,0,0,0,0,0,0,0,0,0,0,0,,,0,,,,,,UNKNOWN_SEM_INTERVALO_DE_FILTRO_DEMONSTRADO,UNKNOWN_SERIE_TEMPORAL_NAO_ADQUIRIDA,,,,,,,,,,,,,
SCALE-500-O00-00442,500,3,2,0,0,0,0,0,1,0,0,1,0,1,0,0,0,18.020903919998357,18.020903919998357,1,,91.0,67.8,114.2,,UNKNOWN_SEM_INTERVALO_DE_FILTRO_DEMONSTRADO,UNKNOWN_SERIE_TEMPORAL_NAO_ADQUIRIDA,66.66666666666666,0.0,0.0,0.0,0.0,0.0,33.33333333333333,0.0,33.33333333333333,0.0,33.33333333333333,0.0,0.0
SCALE-500-O00-00443,500,2,2,1,0,0,0,0,0,0,1,1,0,1,1,0,0,16.870982977063182,16.870982977063182,1,0.4243755860832187,101.0,85.8,116.2,,UNKNOWN_SEM_INTERVALO_DE_FILTRO_DEMONSTRADO,UNKNOWN_SERIE_TEMPORAL_NAO_ADQUIRIDA,100.0,50.0,0.0,0.0,0.0,0.0,0.0,50.0,50.0,0.0,50.0,50.0,0.0
SCALE-500-O00-00444,500,50,49,9,8,8,7,5,9,0,14,8,1,15,7,1,0,40.76469742705189,54.147039295810316,14,52.195459181228905,120.0,60.0,243.0,48.5,UNKNOWN_SEM_INTERVALO_DE_FILTRO_DEMONSTRADO,UNKNOWN_SERIE_TEMPORAL_NAO_ADQUIRIDA,98.0,18.0,16.0,16.0,14.000000000000002,10.0,18.0,28.000000000000004,16.0,2.0,30.0,14.000000000000002,2.0
SCALE-500-O00-00445,500,0,0,0,0,0,0,0,0,0,0,0,0,0,0,0,0,,,0,,,,,,UNKNOWN_SEM_INTERVALO_DE_FILTRO_DEMONSTRADO,UNKNOWN_SERIE_TEMPORAL_NAO_ADQUIRIDA,,,,,,,,,,,,,
SCALE-500-O00-00446,500,0,0,0,0,0,0,0,0,0,0,0,0,0,0,0,0,,,0,,,,,,UNKNOWN_SEM_INTERVALO_DE_FILTRO_DEMONSTRADO,UNKNOWN_SERIE_TEMPORAL_NAO_ADQUIRIDA,,,,,,,,,,,,,
SCALE-500-O00-00447,500,0,0,0,0,0,0,0,0,0,0,0,0,0,0,0,0,,,0,,,,,,UNKNOWN_SEM_INTERVALO_DE_FILTRO_DEMONSTRADO,UNKNOWN_SERIE_TEMPORAL_NAO_ADQUIRIDA,,,,,,,,,,,,,
SCALE-500-O00-00448,500,0,0,0,0,0,0,0,0,0,0,0,0,0,0,0,0,,,0,,,,,,UNKNOWN_SEM_INTERVALO_DE_FILTRO_DEMONSTRADO,UNKNOWN_SERIE_TEMPORAL_NAO_ADQUIRIDA,,,,,,,,,,,,,
SCALE-500-O00-00449,500,0,0,0,0,0,0,0,0,0,0,0,0,0,0,0,0,,,0,,,,,,UNKNOWN_SEM_INTERVALO_DE_FILTRO_DEMONSTRADO,UNKNOWN_SERIE_TEMPORAL_NAO_ADQUIRIDA,,,,,,,,,,,,,
SCALE-500-O00-00450,500,0,0,0,0,0,0,0,0,0,0,0,0,0,0,0,0,,,0,,,,,,UNKNOWN_SEM_INTERVALO_DE_FILTRO_DEMONSTRADO,UNKNOWN_SERIE_TEMPORAL_NAO_ADQUIRIDA,,,,,,,,,,,,,
SCALE-500-O00-00451,500,0,0,0,0,0,0,0,0,0,0,0,0,0,0,0,0,,,0,,,,,,UNKNOWN_SEM_INTERVALO_DE_FILTRO_DEMONSTRADO,UNKNOWN_SERIE_TEMPORAL_NAO_ADQUIRIDA,,,,,,,,,,,,,
SCALE-500-O00-00452,500,0,0,0,0,0,0,0,0,0,0,0,0,0,0,0,0,,,0,,,,,,UNKNOWN_SEM_INTERVALO_DE_FILTRO_DEMONSTRADO,UNKNOWN_SERIE_TEMPORAL_NAO_ADQUIRIDA,,,,,,,,,,,,,
SCALE-500-O00-00453,500,1,1,1,1,1,1,1,0,0,1,1,0,1,1,0,0,16.65742623051808,16.65742623051808,2,0.27652860770583926,40.0,40.0,40.0,36.0,UNKNOWN_SEM_INTERVALO_DE_FILTRO_DEMONSTRADO,UNKNOWN_SERIE_TEMPORAL_NAO_ADQUIRIDA,100.0,100.0,100.0,100.0,100.0,100.0,0.0,100.0,100.0,0.0,100.0,100.0,0.0
SCALE-500-O00-00454,500,0,0,0,0,0,0,0,0,0,0,0,0,0,0,0,0,,,0,,,,,,UNKNOWN_SEM_INTERVALO_DE_FILTRO_DEMONSTRADO,UNKNOWN_SERIE_TEMPORAL_NAO_ADQUIRIDA,,,,,,,,,,,,,
SCALE-500-O00-00455,500,0,0,0,0,0,0,0,0,0,0,0,0,0,0,0,0,,,0,,,,,,UNKNOWN_SEM_INTERVALO_DE_FILTRO_DEMONSTRADO,UNKNOWN_SERIE_TEMPORAL_NAO_ADQUIRIDA,,,,,,,,,,,,,
SCALE-500-O00-00456,500,0,0,0,0,0,0,0,0,0,0,0,0,0,0,0,0,,,0,,,,,,UNKNOWN_SEM_INTERVALO_DE_FILTRO_DEMONSTRADO,UNKNOWN_SERIE_TEMPORAL_NAO_ADQUIRIDA,,,,,,,,,,,,,
SCALE-500-O00-00457,500,0,0,0,0,0,0,0,0,0,0,0,0,0,0,0,0,,,0,,,,,,UNKNOWN_SEM_INTERVALO_DE_FILTRO_DEMONSTRADO,UNKNOWN_SERIE_TEMPORAL_NAO_ADQUIRIDA,,,,,,,,,,,,,
SCALE-500-O00-00458,500,0,0,0,0,0,0,0,0,0,0,0,0,0,0,0,0,,,0,,,,,,UNKNOWN_SEM_INTERVALO_DE_FILTRO_DEMONSTRADO,UNKNOWN_SERIE_TEMPORAL_NAO_ADQUIRIDA,,,,,,,,,,,,,
SCALE-500-O00-00459,500,3,3,3,0,0,0,0,0,0,2,0,0,2,0,0,0,4.758482378146026,4.771624331779571,1,0.03285488408386209,156.0,141.6,175.2,,UNKNOWN_SEM_INTERVALO_DE_FILTRO_DEMONSTRADO,UNKNOWN_SERIE_TEMPORAL_NAO_ADQUIRIDA,100.0,100.0,0.0,0.0,0.0,0.0,0.0,66.66666666666666,0.0,0.0,66.66666666666666,0.0,0.0
SCALE-500-O00-00460,500,10,8,3,2,0,2,0,3,0,4,2,0,5,1,0,0,22.864261415361028,47.370171872112365,5,42.69492186697879,116.0,88.0,150.0,,UNKNOWN_SEM_INTERVALO_DE_FILTRO_DEMONSTRADO,UNKNOWN_SERIE_TEMPORAL_NAO_ADQUIRIDA,80.0,30.0,20.0,0.0,20.0,0.0,30.0,40.0,20.0,0.0,50.0,10.0,0.0
SCALE-500-O00-00461,500,4,4,1,1,1,1,0,2,0,1,0,0,1,0,0,0,29.0409796231271,29.0409796231271,1,,100.0,100.0,107.0,,UNKNOWN_SEM_INTERVALO_DE_FILTRO_DEMONSTRADO,UNKNOWN_SERIE_TEMPORAL_NAO_ADQUIRIDA,100.0,25.0,25.0,25.0,25.0,0.0,50.0,25.0,0.0,0.0,25.0,0.0,0.0
SCALE-500-O00-00462,500,8,8,1,0,0,0,0,0,0,2,0,0,2,0,0,0,9.103540798236788,9.372950847724457,1,0.6735251237191728,98.0,68.9,161.39999999999998,,UNKNOWN_SEM_INTERVALO_DE_FILTRO_DEMONSTRADO,UNKNOWN_SERIE_TEMPORAL_NAO_ADQUIRIDA,100.0,12.5,0.0,0.0,0.0,0.0,0.0,25.0,0.0,0.0,25.0,0.0,0.0
SCALE-500-O00-00463,500,8,8,2,2,0,1,0,0,0,3,2,0,4,1,0,0,17.28577588862194,32.50224166136198,5,31.79257616515055,93.0,86.0,127.19999999999999,,UNKNOWN_SEM_INTERVALO_DE_FILTRO_DEMONSTRADO,UNKNOWN_SERIE_TEMPORAL_NAO_ADQUIRIDA,100.0,25.0,25.0,0.0,12.5,0.0,0.0,37.5,25.0,0.0,50.0,12.5,0.0
SCALE-500-O00-00464,500,3,3,2,0,0,0,0,0,0,2,0,0,2,0,0,0,13.80863398974654,17.796121754724602,2,9.968719412445155,110.0,98.0,166.0,,UNKNOWN_SEM_INTERVALO_DE_FILTRO_DEMONSTRADO,UNKNOWN_SERIE_TEMPORAL_NAO_ADQUIRIDA,100.0,66.66666666666666,0.0,0.0,0.0,0.0,0.0,66.66666666666666,0.0,0.0,66.66666666666666,0.0,0.0
SCALE-500-O00-00465,500,4,4,0,0,0,0,0,1,0,1,0,0,1,0,0,0,37.88168134869299,37.88168134869299,1,,125.0,106.7,137.0,,UNKNOWN_SEM_INTERVALO_DE_FILTRO_DEMONSTRADO,UNKNOWN_SERIE_TEMPORAL_NAO_ADQUIRIDA,100.0,0.0,0.0,0.0,0.0,0.0,25.0,25.0,0.0,0.0,25.0,0.0,0.0
SCALE-500-O00-00466,500,0,0,0,0,0,0,0,0,0,0,0,0,0,0,0,0,,,0,,,,,,UNKNOWN_SEM_INTERVALO_DE_FILTRO_DEMONSTRADO,UNKNOWN_SERIE_TEMPORAL_NAO_ADQUIRIDA,,,,,,,,,,,,,
SCALE-500-O00-00467,500,2,2,0,1,1,1,1,1,0,1,1,0,1,1,0,0,10.42047406859826,10.42047406859826,1,0.04654441911880463,150.5,136.5,164.5,137.0,UNKNOWN_SEM_INTERVALO_DE_FILTRO_DEMONSTRADO,UNKNOWN_SERIE_TEMPORAL_NAO_ADQUIRIDA,100.0,0.0,50.0,50.0,50.0,50.0,50.0,50.0,50.0,0.0,50.0,50.0,0.0
SCALE-500-O00-00468,500,0,0,0,0,0,0,0,0,0,0,0,0,0,0,0,0,,,0,,,,,,UNKNOWN_SEM_INTERVALO_DE_FILTRO_DEMONSTRADO,UNKNOWN_SERIE_TEMPORAL_NAO_ADQUIRIDA,,,,,,,,,,,,,
SCALE-500-O00-00469,500,0,0,0,0,0,0,0,0,0,0,0,0,0,0,0,0,,,0,,,,,,UNKNOWN_SEM_INTERVALO_DE_FILTRO_DEMONSTRADO,UNKNOWN_SERIE_TEMPORAL_NAO_ADQUIRIDA,,,,,,,,,,,,,
SCALE-500-O00-00470,500,1,1,0,0,0,0,0,0,0,0,0,0,0,0,0,0,,,0,,80.0,80.0,80.0,,UNKNOWN_SEM_INTERVALO_DE_FILTRO_DEMONSTRADO,UNKNOWN_SERIE_TEMPORAL_NAO_ADQUIRIDA,100.0,0.0,0.0,0.0,0.0,0.0,0.0,0.0,0.0,0.0,0.0,0.0,0.0
SCALE-500-O00-00471,500,0,0,0,0,0,0,0,0,0,0,0,0,0,0,0,0,,,0,,,,,,UNKNOWN_SEM_INTERVALO_DE_FILTRO_DEMONSTRADO,UNKNOWN_SERIE_TEMPORAL_NAO_ADQUIRIDA,,,,,,,,,,,,,
SCALE-500-O00-00472,500,0,0,0,0,0,0,0,0,0,0,0,0,0,0,0,0,,,0,,,,,,UNKNOWN_SEM_INTERVALO_DE_FILTRO_DEMONSTRADO,UNKNOWN_SERIE_TEMPORAL_NAO_ADQUIRIDA,,,,,,,,,,,,,
SCALE-500-O00-00473,500,3,3,2,1,1,1,0,1,0,2,2,1,2,2,1,0,9.90574755128442,15.642210312326743,4,14.38496341471762,76.0,66.4,99.2,,UNKNOWN_SEM_INTERVALO_DE_FILTRO_DEMONSTRADO,UNKNOWN_SERIE_TEMPORAL_NAO_ADQUIRIDA,100.0,66.66666666666666,33.33333333333333,33.33333333333333,33.33333333333333,0.0,33.33333333333333,66.66666666666666,66.66666666666666,33.33333333333333,66.66666666666666,66.66666666666666,33.33333333333333
SCALE-500-O00-00474,500,0,0,0,0,0,0,0,0,0,0,0,0,0,0,0,0,,,0,,,,,,UNKNOWN_SEM_INTERVALO_DE_FILTRO_DEMONSTRADO,UNKNOWN_SERIE_TEMPORAL_NAO_ADQUIRIDA,,,,,,,,,,,,,
SCALE-500-O00-00475,500,0,0,0,0,0,0,0,0,0,0,0,0,0,0,0,0,,,0,,,,,,UNKNOWN_SEM_INTERVALO_DE_FILTRO_DEMONSTRADO,UNKNOWN_SERIE_TEMPORAL_NAO_ADQUIRIDA,,,,,,,,,,,,,
SCALE-500-O00-00476,500,0,0,0,0,0,0,0,0,0,0,0,0,0,0,0,0,,,0,,,,,,UNKNOWN_SEM_INTERVALO_DE_FILTRO_DEMONSTRADO,UNKNOWN_SERIE_TEMPORAL_NAO_ADQUIRIDA,,,,,,,,,,,,,
SCALE-500-O00-00477,500,2,2,0,0,0,0,0,0,0,0,0,0,0,0,0,0,,,0,,156.0,95.2,216.8,,UNKNOWN_SEM_INTERVALO_DE_FILTRO_DEMONSTRADO,UNKNOWN_SERIE_TEMPORAL_NAO_ADQUIRIDA,100.0,0.0,0.0,0.0,0.0,0.0,0.0,0.0,0.0,0.0,0.0,0.0,0.0
SCALE-500-O00-00478,500,0,0,0,0,0,0,0,0,0,0,0,0,0,0,0,0,,,0,,,,,,UNKNOWN_SEM_INTERVALO_DE_FILTRO_DEMONSTRADO,UNKNOWN_SERIE_TEMPORAL_NAO_ADQUIRIDA,,,,,,,,,,,,,
SCALE-500-O00-00479,500,1,1,0,0,0,0,0,0,0,0,0,0,0,0,0,0,,,0,,68.76,68.76,68.76,,UNKNOWN_SEM_INTERVALO_DE_FILTRO_DEMONSTRADO,UNKNOWN_SERIE_TEMPORAL_NAO_ADQUIRIDA,100.0,0.0,0.0,0.0,0.0,0.0,0.0,0.0,0.0,0.0,0.0,0.0,0.0
SCALE-500-O00-00480,500,0,0,0,0,0,0,0,0,0,0,0,0,0,0,0,0,,,0,,,,,,UNKNOWN_SEM_INTERVALO_DE_FILTRO_DEMONSTRADO,UNKNOWN_SERIE_TEMPORAL_NAO_ADQUIRIDA,,,,,,,,,,,,,
SCALE-500-O00-00481,500,1,1,1,0,0,0,0,0,0,1,0,0,1,0,0,0,16.835390185972333,16.835390185972333,1,,60.0,60.0,60.0,,UNKNOWN_SEM_INTERVALO_DE_FILTRO_DEMONSTRADO,UNKNOWN_SERIE_TEMPORAL_NAO_ADQUIRIDA,100.0,100.0,0.0,0.0,0.0,0.0,0.0,100.0,0.0,0.0,100.0,0.0,0.0
SCALE-500-O00-00482,500,2,0,0,0,0,0,0,0,0,0,0,0,0,0,0,0,,,0,,,,,,UNKNOWN_SEM_INTERVALO_DE_FILTRO_DEMONSTRADO,UNKNOWN_SERIE_TEMPORAL_NAO_ADQUIRIDA,0.0,0.0,0.0,0.0,0.0,0.0,0.0,0.0,0.0,0.0,0.0,0.0,0.0
SCALE-500-O00-00483,500,0,0,0,0,0,0,0,0,0,0,0,0,0,0,0,0,,,0,,,,,,UNKNOWN_SEM_INTERVALO_DE_FILTRO_DEMONSTRADO,UNKNOWN_SERIE_TEMPORAL_NAO_ADQUIRIDA,,,,,,,,,,,,,
SCALE-500-O00-00484,500,0,0,0,0,0,0,0,0,0,0,0,0,0,0,0,0,,,0,,,,,,UNKNOWN_SEM_INTERVALO_DE_FILTRO_DEMONSTRADO,UNKNOWN_SERIE_TEMPORAL_NAO_ADQUIRIDA,,,,,,,,,,,,,
SCALE-500-O00-00485,500,0,0,0,0,0,0,0,0,0,0,0,0,0,0,0,0,,,0,,,,,,UNKNOWN_SEM_INTERVALO_DE_FILTRO_DEMONSTRADO,UNKNOWN_SERIE_TEMPORAL_NAO_ADQUIRIDA,,,,,,,,,,,,,
SCALE-500-O00-00486,500,0,0,0,0,0,0,0,0,0,0,0,0,0,0,0,0,,,0,,,,,,UNKNOWN_SEM_INTERVALO_DE_FILTRO_DEMONSTRADO,UNKNOWN_SERIE_TEMPORAL_NAO_ADQUIRIDA,,,,,,,,,,,,,
SCALE-500-O00-00487,500,0,0,0,0,0,0,0,0,0,0,0,0,0,0,0,0,,,0,,,,,,UNKNOWN_SEM_INTERVALO_DE_FILTRO_DEMONSTRADO,UNKNOWN_SERIE_TEMPORAL_NAO_ADQUIRIDA,,,,,,,,,,,,,
SCALE-500-O00-00488,500,0,0,0,0,0,0,0,0,0,0,0,0,0,0,0,0,,,0,,,,,,UNKNOWN_SEM_INTERVALO_DE_FILTRO_DEMONSTRADO,UNKNOWN_SERIE_TEMPORAL_NAO_ADQUIRIDA,,,,,,,,,,,,,
SCALE-500-O00-00489,500,0,0,0,0,0,0,0,0,0,0,0,0,0,0,0,0,,,0,,,,,,UNKNOWN_SEM_INTERVALO_DE_FILTRO_DEMONSTRADO,UNKNOWN_SERIE_TEMPORAL_NAO_ADQUIRIDA,,,,,,,,,,,,,
SCALE-500-O00-00490,500,0,0,0,0,0,0,0,0,0,0,0,0,0,0,0,0,,,0,,,,,,UNKNOWN_SEM_INTERVALO_DE_FILTRO_DEMONSTRADO,UNKNOWN_SERIE_TEMPORAL_NAO_ADQUIRIDA,,,,,,,,,,,,,
SCALE-500-O00-00491,500,1,1,1,1,1,1,1,0,0,1,1,0,1,1,0,0,15.90450180359624,15.90450180359624,1,0.04106860510482761,90.0,90.0,90.0,36.0,UNKNOWN_SEM_INTERVALO_DE_FILTRO_DEMONSTRADO,UNKNOWN_SERIE_TEMPORAL_NAO_ADQUIRIDA,100.0,100.0,100.0,100.0,100.0,100.0,0.0,100.0,100.0,0.0,100.0,100.0,0.0
SCALE-500-O00-00492,500,5,5,3,5,4,3,0,3,0,4,1,0,4,1,0,0,18.009952291970404,32.02037002813199,4,26.32771377920149,85.5,63.2,100.0,,UNKNOWN_SEM_INTERVALO_DE_FILTRO_DEMONSTRADO,UNKNOWN_SERIE_TEMPORAL_NAO_ADQUIRIDA,100.0,60.0,100.0,80.0,60.0,0.0,60.0,80.0,20.0,0.0,80.0,20.0,0.0
SCALE-500-O00-00493,500,0,0,0,0,0,0,0,0,0,0,0,0,0,0,0,0,,,0,,,,,,UNKNOWN_SEM_INTERVALO_DE_FILTRO_DEMONSTRADO,UNKNOWN_SERIE_TEMPORAL_NAO_ADQUIRIDA,,,,,,,,,,,,,
SCALE-500-O00-00494,500,12,12,1,2,1,1,0,0,0,3,0,0,3,0,0,0,20.320745805868704,24.71453897068386,3,18.831324394066954,100.0,80.5,145.9,,UNKNOWN_SEM_INTERVALO_DE_FILTRO_DEMONSTRADO,UNKNOWN_SERIE_TEMPORAL_NAO_ADQUIRIDA,100.0,8.333333333333332,16.666666666666664,8.333333333333332,8.333333333333332,0.0,0.0,25.0,0.0,0.0,25.0,0.0,0.0
SCALE-500-O00-00495,500,3,3,1,1,1,1,0,1,0,1,1,1,1,1,1,0,2.7433828210024847,2.7433828210024847,3,13.454075032341526,100.0,68.0,116.0,,UNKNOWN_SEM_INTERVALO_DE_FILTRO_DEMONSTRADO,UNKNOWN_SERIE_TEMPORAL_NAO_ADQUIRIDA,100.0,33.33333333333333,33.33333333333333,33.33333333333333,33.33333333333333,0.0,33.33333333333333,33.33333333333333,33.33333333333333,33.33333333333333,33.33333333333333,33.33333333333333,33.33333333333333
SCALE-500-O00-00496,500,0,0,0,0,0,0,0,0,0,0,0,0,0,0,0,0,,,0,,,,,,UNKNOWN_SEM_INTERVALO_DE_FILTRO_DEMONSTRADO,UNKNOWN_SERIE_TEMPORAL_NAO_ADQUIRIDA,,,,,,,,,,,,,
SCALE-500-O00-00497,500,1,0,0,0,0,0,0,0,0,0,0,0,0,0,0,0,,,0,,,,,,UNKNOWN_SEM_INTERVALO_DE_FILTRO_DEMONSTRADO,UNKNOWN_SERIE_TEMPORAL_NAO_ADQUIRIDA,0.0,0.0,0.0,0.0,0.0,0.0,0.0,0.0,0.0,0.0,0.0,0.0,0.0
SCALE-500-O00-00498,500,1,0,0,0,0,0,0,0,0,0,0,0,0,0,0,0,,,0,,,,,,UNKNOWN_SEM_INTERVALO_DE_FILTRO_DEMONSTRADO,UNKNOWN_SERIE_TEMPORAL_NAO_ADQUIRIDA,0.0,0.0,0.0,0.0,0.0,0.0,0.0,0.0,0.0,0.0,0.0,0.0,0.0
SCALE-500-O00-00499,500,1,0,0,0,0,0,0,0,0,0,0,0,0,0,0,0,,,0,,,,,,UNKNOWN_SEM_INTERVALO_DE_FILTRO_DEMONSTRADO,UNKNOWN_SERIE_TEMPORAL_NAO_ADQUIRIDA,0.0,0.0,0.0,0.0,0.0,0.0,0.0,0.0,0.0,0.0,0.0,0.0,0.0
SCALE-500-O00-00500,500,0,0,0,0,0,0,0,0,0,0,0,0,0,0,0,0,,,0,,,,,,UNKNOWN_SEM_INTERVALO_DE_FILTRO_DEMONSTRADO,UNKNOWN_SERIE_TEMPORAL_NAO_ADQUIRIDA,,,,,,,,,,,,,
SCALE-500-O00-00501,500,2,2,0,0,0,0,0,0,0,0,0,0,0,0,0,0,,,0,,78.0,76.4,79.6,,UNKNOWN_SEM_INTERVALO_DE_FILTRO_DEMONSTRADO,UNKNOWN_SERIE_TEMPORAL_NAO_ADQUIRIDA,100.0,0.0,0.0,0.0,0.0,0.0,0.0,0.0,0.0,0.0,0.0,0.0,0.0
SCALE-500-O00-00502,500,0,0,0,0,0,0,0,0,0,0,0,0,0,0,0,0,,,0,,,,,,UNKNOWN_SEM_INTERVALO_DE_FILTRO_DEMONSTRADO,UNKNOWN_SERIE_TEMPORAL_NAO_ADQUIRIDA,,,,,,,,,,,,,
SCALE-500-O00-00503,500,0,0,0,0,0,0,0,0,0,0,0,0,0,0,0,0,,,0,,,,,,UNKNOWN_SEM_INTERVALO_DE_FILTRO_DEMONSTRADO,UNKNOWN_SERIE_TEMPORAL_NAO_ADQUIRIDA,,,,,,,,,,,,,
SCALE-500-O00-00504,500,0,0,0,0,0,0,0,0,0,0,0,0,0,0,0,0,,,0,,,,,,UNKNOWN_SEM_INTERVALO_DE_FILTRO_DEMONSTRADO,UNKNOWN_SERIE_TEMPORAL_NAO_ADQUIRIDA,,,,,,,,,,,,,
SCALE-500-O00-00505,500,15,15,11,5,5,3,2,6,0,12,2,0,12,2,0,0,39.16165287446012,47.65819968924755,11,36.35940505280738,150.0,94.0,638.0,118.0,UNKNOWN_SEM_INTERVALO_DE_FILTRO_DEMONSTRADO,UNKNOWN_SERIE_TEMPORAL_NAO_ADQUIRIDA,100.0,73.33333333333333,33.33333333333333,33.33333333333333,20.0,13.333333333333334,40.0,80.0,13.333333333333334,0.0,80.0,13.333333333333334,0.0
SCALE-500-O00-00506,500,0,0,0,0,0,0,0,0,0,0,0,0,0,0,0,0,,,0,,,,,,UNKNOWN_SEM_INTERVALO_DE_FILTRO_DEMONSTRADO,UNKNOWN_SERIE_TEMPORAL_NAO_ADQUIRIDA,,,,,,,,,,,,,
SCALE-500-O00-00507,500,0,0,0,0,0,0,0,0,0,0,0,0,0,0,0,0,,,0,,,,,,UNKNOWN_SEM_INTERVALO_DE_FILTRO_DEMONSTRADO,UNKNOWN_SERIE_TEMPORAL_NAO_ADQUIRIDA,,,,,,,,,,,,,
SCALE-500-O00-00508,500,22,21,8,3,3,3,2,3,0,8,2,0,8,2,0,0,39.15207019993566,47.84492494712417,5,30.94930080699809,150.0,72.0,180.0,157.0,UNKNOWN_SEM_INTERVALO_DE_FILTRO_DEMONSTRADO,UNKNOWN_SERIE_TEMPORAL_NAO_ADQUIRIDA,95.45454545454545,36.36363636363637,13.636363636363635,13.636363636363635,13.636363636363635,9.090909090909092,13.636363636363635,36.36363636363637,9.090909090909092,0.0,36.36363636363637,9.090909090909092,0.0
SCALE-500-O00-00509,500,0,0,0,0,0,0,0,0,0,0,0,0,0,0,0,0,,,0,,,,,,UNKNOWN_SEM_INTERVALO_DE_FILTRO_DEMONSTRADO,UNKNOWN_SERIE_TEMPORAL_NAO_ADQUIRIDA,,,,,,,,,,,,,
SCALE-500-O00-00510,500,0,0,0,0,0,0,0,0,0,0,0,0,0,0,0,0,,,0,,,,,,UNKNOWN_SEM_INTERVALO_DE_FILTRO_DEMONSTRADO,UNKNOWN_SERIE_TEMPORAL_NAO_ADQUIRIDA,,,,,,,,,,,,,
SCALE-500-O00-00511,500,0,0,0,0,0,0,0,0,0,0,0,0,0,0,0,0,,,0,,,,,,UNKNOWN_SEM_INTERVALO_DE_FILTRO_DEMONSTRADO,UNKNOWN_SERIE_TEMPORAL_NAO_ADQUIRIDA,,,,,,,,,,,,,
SCALE-500-O00-00512,500,2,2,2,0,0,0,0,0,0,2,0,0,2,0,0,0,42.53475430706996,63.09424560394807,2,51.398728242195254,100.0,100.0,100.0,,UNKNOWN_SEM_INTERVALO_DE_FILTRO_DEMONSTRADO,UNKNOWN_SERIE_TEMPORAL_NAO_ADQUIRIDA,100.0,100.0,0.0,0.0,0.0,0.0,0.0,100.0,0.0,0.0,100.0,0.0,0.0
SCALE-500-O00-00513,500,0,0,0,0,0,0,0,0,0,0,0,0,0,0,0,0,,,0,,,,,,UNKNOWN_SEM_INTERVALO_DE_FILTRO_DEMONSTRADO,UNKNOWN_SERIE_TEMPORAL_NAO_ADQUIRIDA,,,,,,,,,,,,,
SCALE-500-O00-00514,500,2,1,0,0,0,0,0,0,0,0,0,0,0,0,0,0,,,0,,60.0,60.0,60.0,,UNKNOWN_SEM_INTERVALO_DE_FILTRO_DEMONSTRADO,UNKNOWN_SERIE_TEMPORAL_NAO_ADQUIRIDA,50.0,0.0,0.0,0.0,0.0,0.0,0.0,0.0,0.0,0.0,0.0,0.0,0.0
SCALE-500-O00-00515,500,0,0,0,0,0,0,0,0,0,0,0,0,0,0,0,0,,,0,,,,,,UNKNOWN_SEM_INTERVALO_DE_FILTRO_DEMONSTRADO,UNKNOWN_SERIE_TEMPORAL_NAO_ADQUIRIDA,,,,,,,,,,,,,
SCALE-500-O00-00516,500,0,0,0,0,0,0,0,0,0,0,0,0,0,0,0,0,,,0,,,,,,UNKNOWN_SEM_INTERVALO_DE_FILTRO_DEMONSTRADO,UNKNOWN_SERIE_TEMPORAL_NAO_ADQUIRIDA,,,,,,,,,,,,,
SCALE-500-O00-00517,500,0,0,0,0,0,0,0,0,0,0,0,0,0,0,0,0,,,0,,,,,,UNKNOWN_SEM_INTERVALO_DE_FILTRO_DEMONSTRADO,UNKNOWN_SERIE_TEMPORAL_NAO_ADQUIRIDA,,,,,,,,,,,,,
SCALE-500-O00-00518,500,0,0,0,0,0,0,0,0,0,0,0,0,0,0,0,0,,,0,,,,,,UNKNOWN_SEM_INTERVALO_DE_FILTRO_DEMONSTRADO,UNKNOWN_SERIE_TEMPORAL_NAO_ADQUIRIDA,,,,,,,,,,,,,
SCALE-500-O00-00519,500,0,0,0,0,0,0,0,0,0,0,0,0,0,0,0,0,,,0,,,,,,UNKNOWN_SEM_INTERVALO_DE_FILTRO_DEMONSTRADO,UNKNOWN_SERIE_TEMPORAL_NAO_ADQUIRIDA,,,,,,,,,,,,,
SCALE-500-O00-00520,500,0,0,0,0,0,0,0,0,0,0,0,0,0,0,0,0,,,0,,,,,,UNKNOWN_SEM_INTERVALO_DE_FILTRO_DEMONSTRADO,UNKNOWN_SERIE_TEMPORAL_NAO_ADQUIRIDA,,,,,,,,,,,,,
SCALE-500-O00-00521,500,0,0,0,0,0,0,0,0,0,0,0,0,0,0,0,0,,,0,,,,,,UNKNOWN_SEM_INTERVALO_DE_FILTRO_DEMONSTRADO,UNKNOWN_SERIE_TEMPORAL_NAO_ADQUIRIDA,,,,,,,,,,,,,
SCALE-500-O00-00522,500,2,2,0,0,0,0,0,0,0,0,0,0,0,0,0,0,,,0,,120.5,120.1,120.9,,UNKNOWN_SEM_INTERVALO_DE_FILTRO_DEMONSTRADO,UNKNOWN_SERIE_TEMPORAL_NAO_ADQUIRIDA,100.0,0.0,0.0,0.0,0.0,0.0,0.0,0.0,0.0,0.0,0.0,0.0,0.0
SCALE-500-O00-00523,500,7,7,6,0,0,0,0,0,0,6,0,0,6,0,0,0,21.218779304160932,38.12398611881147,5,22.229066989739692,150.0,90.0,201.40000000000003,,UNKNOWN_SEM_INTERVALO_DE_FILTRO_DEMONSTRADO,UNKNOWN_SERIE_TEMPORAL_NAO_ADQUIRIDA,100.0,85.71428571428571,0.0,0.0,0.0,0.0,0.0,85.71428571428571,0.0,0.0,85.71428571428571,0.0,0.0
SCALE-500-O00-00524,500,6,3,1,1,1,1,0,1,0,1,1,1,1,1,1,0,2.7433828210024847,2.7433828210024847,3,12.536876185000375,120.0,70.4,152.0,,UNKNOWN_SEM_INTERVALO_DE_FILTRO_DEMONSTRADO,UNKNOWN_SERIE_TEMPORAL_NAO_ADQUIRIDA,50.0,16.666666666666664,16.666666666666664,16.666666666666664,16.666666666666664,0.0,16.666666666666664,16.666666666666664,16.666666666666664,16.666666666666664,16.666666666666664,16.666666666666664,16.666666666666664
SCALE-500-O00-00525,500,41,33,5,1,0,2,1,0,0,3,5,0,7,1,0,0,18.19886787545261,30.081384285782743,4,30.98489359808894,100.0,60.0,242.00000000000003,74.0,UNKNOWN_SEM_INTERVALO_DE_FILTRO_DEMONSTRADO,UNKNOWN_SERIE_TEMPORAL_NAO_ADQUIRIDA,80.48780487804879,12.195121951219512,2.4390243902439024,0.0,4.878048780487805,2.4390243902439024,0.0,7.317073170731707,12.195121951219512,0.0,17.073170731707318,2.4390243902439024,0.0
SCALE-500-O00-00526,500,0,0,0,0,0,0,0,0,0,0,0,0,0,0,0,0,,,0,,,,,,UNKNOWN_SEM_INTERVALO_DE_FILTRO_DEMONSTRADO,UNKNOWN_SERIE_TEMPORAL_NAO_ADQUIRIDA,,,,,,,,,,,,,
SCALE-500-O00-00527,500,51,51,34,18,18,14,3,15,0,42,6,0,42,6,0,0,31.414744998186137,39.44393108688063,18,54.58838990533686,150.0,100.0,170.0,95.0,UNKNOWN_SEM_INTERVALO_DE_FILTRO_DEMONSTRADO,UNKNOWN_SERIE_TEMPORAL_NAO_ADQUIRIDA,100.0,66.66666666666666,35.294117647058826,35.294117647058826,27.450980392156865,5.88235294117647,29.411764705882355,82.35294117647058,11.76470588235294,0.0,82.35294117647058,11.76470588235294,0.0
SCALE-500-O00-00528,500,1,1,0,0,0,0,0,0,0,0,0,0,0,0,0,0,,,0,,90.0,90.0,90.0,,UNKNOWN_SEM_INTERVALO_DE_FILTRO_DEMONSTRADO,UNKNOWN_SERIE_TEMPORAL_NAO_ADQUIRIDA,100.0,0.0,0.0,0.0,0.0,0.0,0.0,0.0,0.0,0.0,0.0,0.0,0.0
SCALE-500-O00-00529,500,1,1,0,0,0,0,0,0,0,0,0,0,0,0,0,0,,,0,,122.0,122.0,122.0,,UNKNOWN_SEM_INTERVALO_DE_FILTRO_DEMONSTRADO,UNKNOWN_SERIE_TEMPORAL_NAO_ADQUIRIDA,100.0,0.0,0.0,0.0,0.0,0.0,0.0,0.0,0.0,0.0,0.0,0.0,0.0
SCALE-500-O00-00530,500,0,0,0,0,0,0,0,0,0,0,0,0,0,0,0,0,,,0,,,,,,UNKNOWN_SEM_INTERVALO_DE_FILTRO_DEMONSTRADO,UNKNOWN_SERIE_TEMPORAL_NAO_ADQUIRIDA,,,,,,,,,,,,,
SCALE-500-O00-00531,500,0,0,0,0,0,0,0,0,0,0,0,0,0,0,0,0,,,0,,,,,,UNKNOWN_SEM_INTERVALO_DE_FILTRO_DEMONSTRADO,UNKNOWN_SERIE_TEMPORAL_NAO_ADQUIRIDA,,,,,,,,,,,,,
SCALE-500-O00-00532,500,0,0,0,0,0,0,0,0,0,0,0,0,0,0,0,0,,,0,,,,,,UNKNOWN_SEM_INTERVALO_DE_FILTRO_DEMONSTRADO,UNKNOWN_SERIE_TEMPORAL_NAO_ADQUIRIDA,,,,,,,,,,,,,
SCALE-500-O00-00533,500,0,0,0,0,0,0,0,0,0,0,0,0,0,0,0,0,,,0,,,,,,UNKNOWN_SEM_INTERVALO_DE_FILTRO_DEMONSTRADO,UNKNOWN_SERIE_TEMPORAL_NAO_ADQUIRIDA,,,,,,,,,,,,,
SCALE-500-O00-00534,500,0,0,0,0,0,0,0,0,0,0,0,0,0,0,0,0,,,0,,,,,,UNKNOWN_SEM_INTERVALO_DE_FILTRO_DEMONSTRADO,UNKNOWN_SERIE_TEMPORAL_NAO_ADQUIRIDA,,,,,,,,,,,,,
SCALE-500-O00-00535,500,0,0,0,0,0,0,0,0,0,0,0,0,0,0,0,0,,,0,,,,,,UNKNOWN_SEM_INTERVALO_DE_FILTRO_DEMONSTRADO,UNKNOWN_SERIE_TEMPORAL_NAO_ADQUIRIDA,,,,,,,,,,,,,
SCALE-500-O00-00536,500,0,0,0,0,0,0,0,0,0,0,0,0,0,0,0,0,,,0,,,,,,UNKNOWN_SEM_INTERVALO_DE_FILTRO_DEMONSTRADO,UNKNOWN_SERIE_TEMPORAL_NAO_ADQUIRIDA,,,,,,,,,,,,,
SCALE-500-O00-00537,500,1,1,0,0,0,0,0,0,0,0,0,0,0,0,0,0,,,0,,90.0,90.0,90.0,,UNKNOWN_SEM_INTERVALO_DE_FILTRO_DEMONSTRADO,UNKNOWN_SERIE_TEMPORAL_NAO_ADQUIRIDA,100.0,0.0,0.0,0.0,0.0,0.0,0.0,0.0,0.0,0.0,0.0,0.0,0.0
SCALE-500-O00-00538,500,0,0,0,0,0,0,0,0,0,0,0,0,0,0,0,0,,,0,,,,,,UNKNOWN_SEM_INTERVALO_DE_FILTRO_DEMONSTRADO,UNKNOWN_SERIE_TEMPORAL_NAO_ADQUIRIDA,,,,,,,,,,,,,
SCALE-500-O00-00539,500,0,0,0,0,0,0,0,0,0,0,0,0,0,0,0,0,,,0,,,,,,UNKNOWN_SEM_INTERVALO_DE_FILTRO_DEMONSTRADO,UNKNOWN_SERIE_TEMPORAL_NAO_ADQUIRIDA,,,,,,,,,,,,,
SCALE-500-O00-00540,500,4,4,0,0,0,0,0,0,0,0,0,0,0,0,0,0,,,0,,90.0,90.0,139.0,,UNKNOWN_SEM_INTERVALO_DE_FILTRO_DEMONSTRADO,UNKNOWN_SERIE_TEMPORAL_NAO_ADQUIRIDA,100.0,0.0,0.0,0.0,0.0,0.0,0.0,0.0,0.0,0.0,0.0,0.0,0.0
SCALE-500-O00-00541,500,0,0,0,0,0,0,0,0,0,0,0,0,0,0,0,0,,,0,,,,,,UNKNOWN_SEM_INTERVALO_DE_FILTRO_DEMONSTRADO,UNKNOWN_SERIE_TEMPORAL_NAO_ADQUIRIDA,,,,,,,,,,,,,
SCALE-500-O00-00542,500,0,0,0,0,0,0,0,0,0,0,0,0,0,0,0,0,,,0,,,,,,UNKNOWN_SEM_INTERVALO_DE_FILTRO_DEMONSTRADO,UNKNOWN_SERIE_TEMPORAL_NAO_ADQUIRIDA,,,,,,,,,,,,,
SCALE-500-O00-00543,500,17,16,7,0,0,0,0,0,0,7,4,0,8,3,0,0,21.88409070685914,36.81335003456608,5,19.417236493562495,90.0,57.0,189.35,,UNKNOWN_SEM_INTERVALO_DE_FILTRO_DEMONSTRADO,UNKNOWN_SERIE_TEMPORAL_NAO_ADQUIRIDA,94.11764705882352,41.17647058823529,0.0,0.0,0.0,0.0,0.0,41.17647058823529,23.52941176470588,0.0,47.05882352941176,17.647058823529413,0.0
SCALE-500-O00-00544,500,1,1,1,0,0,0,0,0,0,1,0,0,1,0,0,0,34.13074874911874,34.13074874911874,1,,58.0,58.0,58.0,,UNKNOWN_SEM_INTERVALO_DE_FILTRO_DEMONSTRADO,UNKNOWN_SERIE_TEMPORAL_NAO_ADQUIRIDA,100.0,100.0,0.0,0.0,0.0,0.0,0.0,100.0,0.0,0.0,100.0,0.0,0.0
SCALE-500-O00-00545,500,0,0,0,0,0,0,0,0,0,0,0,0,0,0,0,0,,,0,,,,,,UNKNOWN_SEM_INTERVALO_DE_FILTRO_DEMONSTRADO,UNKNOWN_SERIE_TEMPORAL_NAO_ADQUIRIDA,,,,,,,,,,,,,
SCALE-500-O00-00546,500,0,0,0,0,0,0,0,0,0,0,0,0,0,0,0,0,,,0,,,,,,UNKNOWN_SEM_INTERVALO_DE_FILTRO_DEMONSTRADO,UNKNOWN_SERIE_TEMPORAL_NAO_ADQUIRIDA,,,,,,,,,,,,,
SCALE-500-O00-00547,500,0,0,0,0,0,0,0,0,0,0,0,0,0,0,0,0,,,0,,,,,,UNKNOWN_SEM_INTERVALO_DE_FILTRO_DEMONSTRADO,UNKNOWN_SERIE_TEMPORAL_NAO_ADQUIRIDA,,,,,,,,,,,,,
SCALE-500-O00-00548,500,0,0,0,0,0,0,0,0,0,0,0,0,0,0,0,0,,,0,,,,,,UNKNOWN_SEM_INTERVALO_DE_FILTRO_DEMONSTRADO,UNKNOWN_SERIE_TEMPORAL_NAO_ADQUIRIDA,,,,,,,,,,,,,
SCALE-500-O00-00549,500,0,0,0,0,0,0,0,0,0,0,0,0,0,0,0,0,,,0,,,,,,UNKNOWN_SEM_INTERVALO_DE_FILTRO_DEMONSTRADO,UNKNOWN_SERIE_TEMPORAL_NAO_ADQUIRIDA,,,,,,,,,,,,,
SCALE-500-O00-00550,500,0,0,0,0,0,0,0,0,0,0,0,0,0,0,0,0,,,0,,,,,,UNKNOWN_SEM_INTERVALO_DE_FILTRO_DEMONSTRADO,UNKNOWN_SERIE_TEMPORAL_NAO_ADQUIRIDA,,,,,,,,,,,,,
SCALE-500-O00-00551,500,0,0,0,0,0,0,0,0,0,0,0,0,0,0,0,0,,,0,,,,,,UNKNOWN_SEM_INTERVALO_DE_FILTRO_DEMONSTRADO,UNKNOWN_SERIE_TEMPORAL_NAO_ADQUIRIDA,,,,,,,,,,,,,
SCALE-500-O00-00552,500,0,0,0,0,0,0,0,0,0,0,0,0,0,0,0,0,,,0,,,,,,UNKNOWN_SEM_INTERVALO_DE_FILTRO_DEMONSTRADO,UNKNOWN_SERIE_TEMPORAL_NAO_ADQUIRIDA,,,,,,,,,,,,,
SCALE-500-O00-00553,500,0,0,0,0,0,0,0,0,0,0,0,0,0,0,0,0,,,0,,,,,,UNKNOWN_SEM_INTERVALO_DE_FILTRO_DEMONSTRADO,UNKNOWN_SERIE_TEMPORAL_NAO_ADQUIRIDA,,,,,,,,,,,,,
SCALE-500-O00-00554,500,2,2,2,0,0,0,0,0,0,2,0,0,2,0,0,0,29.66385346721699,39.79082390466608,2,25.31742609362273,120.0,120.0,120.0,,UNKNOWN_SEM_INTERVALO_DE_FILTRO_DEMONSTRADO,UNKNOWN_SERIE_TEMPORAL_NAO_ADQUIRIDA,100.0,100.0,0.0,0.0,0.0,0.0,0.0,100.0,0.0,0.0,100.0,0.0,0.0
SCALE-500-O00-00555,500,4,0,0,0,0,0,0,0,0,0,0,0,0,0,0,0,,,0,,,,,,UNKNOWN_SEM_INTERVALO_DE_FILTRO_DEMONSTRADO,UNKNOWN_SERIE_TEMPORAL_NAO_ADQUIRIDA,0.0,0.0,0.0,0.0,0.0,0.0,0.0,0.0,0.0,0.0,0.0,0.0,0.0
SCALE-500-O00-00556,500,120,56,20,16,11,19,14,10,0,23,11,0,29,5,0,0,18.19886787545261,39.917041417688246,12,39.55180462295598,80.0,38.5,117.5,19.5,UNKNOWN_SEM_INTERVALO_DE_FILTRO_DEMONSTRADO,UNKNOWN_SERIE_TEMPORAL_NAO_ADQUIRIDA,46.666666666666664,16.666666666666664,13.333333333333334,9.166666666666666,15.833333333333332,11.666666666666666,8.333333333333332,19.166666666666668,9.166666666666666,0.0,24.166666666666668,4.166666666666666,0.0
SCALE-500-O00-00557,500,7,4,2,2,2,2,0,3,0,3,2,1,3,2,1,0,23.452911421863558,31.758626118263894,6,39.505260203837175,133.5,85.80000000000001,146.9,,UNKNOWN_SEM_INTERVALO_DE_FILTRO_DEMONSTRADO,UNKNOWN_SERIE_TEMPORAL_NAO_ADQUIRIDA,57.14285714285714,28.57142857142857,28.57142857142857,28.57142857142857,28.57142857142857,0.0,42.857142857142854,42.857142857142854,28.57142857142857,14.285714285714285,42.857142857142854,28.57142857142857,14.285714285714285
SCALE-500-O00-00558,500,0,0,0,0,0,0,0,0,0,0,0,0,0,0,0,0,,,0,,,,,,UNKNOWN_SEM_INTERVALO_DE_FILTRO_DEMONSTRADO,UNKNOWN_SERIE_TEMPORAL_NAO_ADQUIRIDA,,,,,,,,,,,,,
SCALE-500-O00-00559,500,0,0,0,0,0,0,0,0,0,0,0,0,0,0,0,0,,,0,,,,,,UNKNOWN_SEM_INTERVALO_DE_FILTRO_DEMONSTRADO,UNKNOWN_SERIE_TEMPORAL_NAO_ADQUIRIDA,,,,,,,,,,,,,
SCALE-500-O00-00560,500,3,3,0,0,0,0,0,0,0,0,0,0,0,0,0,0,,,0,,80.0,80.0,96.0,,UNKNOWN_SEM_INTERVALO_DE_FILTRO_DEMONSTRADO,UNKNOWN_SERIE_TEMPORAL_NAO_ADQUIRIDA,100.0,0.0,0.0,0.0,0.0,0.0,0.0,0.0,0.0,0.0,0.0,0.0,0.0
SCALE-500-O00-00561,500,2,2,0,0,0,0,0,0,0,0,0,0,0,0,0,0,,,0,,88.0,84.8,91.2,,UNKNOWN_SEM_INTERVALO_DE_FILTRO_DEMONSTRADO,UNKNOWN_SERIE_TEMPORAL_NAO_ADQUIRIDA,100.0,0.0,0.0,0.0,0.0,0.0,0.0,0.0,0.0,0.0,0.0,0.0,0.0
SCALE-500-O00-00562,500,1,1,0,0,0,0,0,0,0,0,0,0,0,0,0,0,,,0,,140.0,140.0,140.0,,UNKNOWN_SEM_INTERVALO_DE_FILTRO_DEMONSTRADO,UNKNOWN_SERIE_TEMPORAL_NAO_ADQUIRIDA,100.0,0.0,0.0,0.0,0.0,0.0,0.0,0.0,0.0,0.0,0.0,0.0,0.0
SCALE-500-O00-00563,500,2,2,0,0,0,0,0,0,0,0,0,0,0,0,0,0,,,0,,140.0,140.0,140.0,,UNKNOWN_SEM_INTERVALO_DE_FILTRO_DEMONSTRADO,UNKNOWN_SERIE_TEMPORAL_NAO_ADQUIRIDA,100.0,0.0,0.0,0.0,0.0,0.0,0.0,0.0,0.0,0.0,0.0,0.0,0.0
SCALE-500-O00-00564,500,0,0,0,0,0,0,0,0,0,0,0,0,0,0,0,0,,,0,,,,,,UNKNOWN_SEM_INTERVALO_DE_FILTRO_DEMONSTRADO,UNKNOWN_SERIE_TEMPORAL_NAO_ADQUIRIDA,,,,,,,,,,,,,
SCALE-500-O00-00565,500,1,1,1,0,0,0,0,0,0,1,0,0,1,0,0,0,7.720897759707591,7.720897759707591,1,,170.0,170.0,170.0,,UNKNOWN_SEM_INTERVALO_DE_FILTRO_DEMONSTRADO,UNKNOWN_SERIE_TEMPORAL_NAO_ADQUIRIDA,100.0,100.0,0.0,0.0,0.0,0.0,0.0,100.0,0.0,0.0,100.0,0.0,0.0
SCALE-500-O00-00566,500,0,0,0,0,0,0,0,0,0,0,0,0,0,0,0,0,,,0,,,,,,UNKNOWN_SEM_INTERVALO_DE_FILTRO_DEMONSTRADO,UNKNOWN_SERIE_TEMPORAL_NAO_ADQUIRIDA,,,,,,,,,,,,,
SCALE-500-O00-00567,500,1,1,0,0,0,0,0,0,0,0,0,0,0,0,0,0,,,0,,102.0,102.0,102.0,,UNKNOWN_SEM_INTERVALO_DE_FILTRO_DEMONSTRADO,UNKNOWN_SERIE_TEMPORAL_NAO_ADQUIRIDA,100.0,0.0,0.0,0.0,0.0,0.0,0.0,0.0,0.0,0.0,0.0,0.0,0.0
SCALE-500-O00-00568,500,0,0,0,0,0,0,0,0,0,0,0,0,0,0,0,0,,,0,,,,,,UNKNOWN_SEM_INTERVALO_DE_FILTRO_DEMONSTRADO,UNKNOWN_SERIE_TEMPORAL_NAO_ADQUIRIDA,,,,,,,,,,,,,
SCALE-500-O00-00569,500,1,1,1,1,1,1,0,0,0,1,0,0,1,0,1,0,3.252633524302347,3.252633524302347,1,,60.0,60.0,60.0,,UNKNOWN_SEM_INTERVALO_DE_FILTRO_DEMONSTRADO,UNKNOWN_SERIE_TEMPORAL_NAO_ADQUIRIDA,100.0,100.0,100.0,100.0,100.0,0.0,0.0,100.0,0.0,0.0,100.0,0.0,100.0
SCALE-500-O00-00570,500,4,4,1,1,1,1,1,3,0,1,0,0,1,0,0,0,39.15207019993566,39.15207019993566,1,,110.0,96.0,174.4,9.0,UNKNOWN_SEM_INTERVALO_DE_FILTRO_DEMONSTRADO,UNKNOWN_SERIE_TEMPORAL_NAO_ADQUIRIDA,100.0,25.0,25.0,25.0,25.0,25.0,75.0,25.0,0.0,0.0,25.0,0.0,0.0
SCALE-500-O00-00571,500,0,0,0,0,0,0,0,0,0,0,0,0,0,0,0,0,,,0,,,,,,UNKNOWN_SEM_INTERVALO_DE_FILTRO_DEMONSTRADO,UNKNOWN_SERIE_TEMPORAL_NAO_ADQUIRIDA,,,,,,,,,,,,,
SCALE-500-O00-00572,500,2,2,2,0,0,0,0,0,0,2,0,0,2,0,0,0,30.3277959164117,30.728625502234816,2,1.0020739645577939,96.245,51.089,141.401,,UNKNOWN_SEM_INTERVALO_DE_FILTRO_DEMONSTRADO,UNKNOWN_SERIE_TEMPORAL_NAO_ADQUIRIDA,100.0,100.0,0.0,0.0,0.0,0.0,0.0,100.0,0.0,0.0,100.0,0.0,0.0
SCALE-500-O00-00573,500,27,24,14,0,0,0,0,1,0,17,7,0,19,5,0,0,23.491242119961395,31.29208676427305,11,24.19488422075744,91.0,60.3,169.35699999999997,,UNKNOWN_SEM_INTERVALO_DE_FILTRO_DEMONSTRADO,UNKNOWN_SERIE_TEMPORAL_NAO_ADQUIRIDA,88.88888888888889,51.85185185185185,0.0,0.0,0.0,0.0,3.7037037037037033,62.96296296296296,25.925925925925924,0.0,70.37037037037037,18.51851851851852,0.0
SCALE-500-O00-00574,500,1,1,1,0,0,0,0,0,0,1,0,0,1,0,0,0,23.472076770912476,23.472076770912476,1,,56.0,56.0,56.0,,UNKNOWN_SEM_INTERVALO_DE_FILTRO_DEMONSTRADO,UNKNOWN_SERIE_TEMPORAL_NAO_ADQUIRIDA,100.0,100.0,0.0,0.0,0.0,0.0,0.0,100.0,0.0,0.0,100.0,0.0,0.0
SCALE-500-O00-00575,500,0,0,0,0,0,0,0,0,0,0,0,0,0,0,0,0,,,0,,,,,,UNKNOWN_SEM_INTERVALO_DE_FILTRO_DEMONSTRADO,UNKNOWN_SERIE_TEMPORAL_NAO_ADQUIRIDA,,,,,,,,,,,,,
SCALE-500-O00-00576,500,0,0,0,0,0,0,0,0,0,0,0,0,0,0,0,0,,,0,,,,,,UNKNOWN_SEM_INTERVALO_DE_FILTRO_DEMONSTRADO,UNKNOWN_SERIE_TEMPORAL_NAO_ADQUIRIDA,,,,,,,,,,,,,
SCALE-500-O00-00577,500,0,0,0,0,0,0,0,0,0,0,0,0,0,0,0,0,,,0,,,,,,UNKNOWN_SEM_INTERVALO_DE_FILTRO_DEMONSTRADO,UNKNOWN_SERIE_TEMPORAL_NAO_ADQUIRIDA,,,,,,,,,,,,,
SCALE-500-O00-00578,500,0,0,0,0,0,0,0,0,0,0,0,0,0,0,0,0,,,0,,,,,,UNKNOWN_SEM_INTERVALO_DE_FILTRO_DEMONSTRADO,UNKNOWN_SERIE_TEMPORAL_NAO_ADQUIRIDA,,,,,,,,,,,,,
SCALE-500-O00-00579,500,0,0,0,0,0,0,0,0,0,0,0,0,0,0,0,0,,,0,,,,,,UNKNOWN_SEM_INTERVALO_DE_FILTRO_DEMONSTRADO,UNKNOWN_SERIE_TEMPORAL_NAO_ADQUIRIDA,,,,,,,,,,,,,
SCALE-500-O00-00580,500,0,0,0,0,0,0,0,0,0,0,0,0,0,0,0,0,,,0,,,,,,UNKNOWN_SEM_INTERVALO_DE_FILTRO_DEMONSTRADO,UNKNOWN_SERIE_TEMPORAL_NAO_ADQUIRIDA,,,,,,,,,,,,,
SCALE-500-O00-00581,500,0,0,0,0,0,0,0,0,0,0,0,0,0,0,0,0,,,0,,,,,,UNKNOWN_SEM_INTERVALO_DE_FILTRO_DEMONSTRADO,UNKNOWN_SERIE_TEMPORAL_NAO_ADQUIRIDA,,,,,,,,,,,,,
SCALE-500-O00-00582,500,0,0,0,0,0,0,0,0,0,0,0,0,0,0,0,0,,,0,,,,,,UNKNOWN_SEM_INTERVALO_DE_FILTRO_DEMONSTRADO,UNKNOWN_SERIE_TEMPORAL_NAO_ADQUIRIDA,,,,,,,,,,,,,
SCALE-500-O00-00583,500,0,0,0,0,0,0,0,0,0,0,0,0,0,0,0,0,,,0,,,,,,UNKNOWN_SEM_INTERVALO_DE_FILTRO_DEMONSTRADO,UNKNOWN_SERIE_TEMPORAL_NAO_ADQUIRIDA,,,,,,,,,,,,,
SCALE-500-O00-00584,500,0,0,0,0,0,0,0,0,0,0,0,0,0,0,0,0,,,0,,,,,,UNKNOWN_SEM_INTERVALO_DE_FILTRO_DEMONSTRADO,UNKNOWN_SERIE_TEMPORAL_NAO_ADQUIRIDA,,,,,,,,,,,,,
SCALE-500-O00-00585,500,0,0,0,0,0,0,0,0,0,0,0,0,0,0,0,0,,,0,,,,,,UNKNOWN_SEM_INTERVALO_DE_FILTRO_DEMONSTRADO,UNKNOWN_SERIE_TEMPORAL_NAO_ADQUIRIDA,,,,,,,,,,,,,
SCALE-500-O00-00586,500,8,4,1,1,1,1,1,1,0,1,0,0,1,0,0,0,38.1417825143569,38.1417825143569,1,,132.5,121.5,154.0,100.0,UNKNOWN_SEM_INTERVALO_DE_FILTRO_DEMONSTRADO,UNKNOWN_SERIE_TEMPORAL_NAO_ADQUIRIDA,50.0,12.5,12.5,12.5,12.5,12.5,12.5,12.5,0.0,0.0,12.5,0.0,0.0
SCALE-500-O00-00587,500,3,1,0,0,0,0,0,0,0,0,0,0,0,0,0,0,,,0,,226.0,226.0,226.0,,UNKNOWN_SEM_INTERVALO_DE_FILTRO_DEMONSTRADO,UNKNOWN_SERIE_TEMPORAL_NAO_ADQUIRIDA,33.33333333333333,0.0,0.0,0.0,0.0,0.0,0.0,0.0,0.0,0.0,0.0,0.0,0.0
SCALE-500-O00-00588,500,0,0,0,0,0,0,0,0,0,0,0,0,0,0,0,0,,,0,,,,,,UNKNOWN_SEM_INTERVALO_DE_FILTRO_DEMONSTRADO,UNKNOWN_SERIE_TEMPORAL_NAO_ADQUIRIDA,,,,,,,,,,,,,
SCALE-500-O00-00589,500,0,0,0,0,0,0,0,0,0,0,0,0,0,0,0,0,,,0,,,,,,UNKNOWN_SEM_INTERVALO_DE_FILTRO_DEMONSTRADO,UNKNOWN_SERIE_TEMPORAL_NAO_ADQUIRIDA,,,,,,,,,,,,,
SCALE-500-O00-00590,500,1,0,0,0,0,0,0,0,0,0,0,0,0,0,0,0,,,0,,,,,,UNKNOWN_SEM_INTERVALO_DE_FILTRO_DEMONSTRADO,UNKNOWN_SERIE_TEMPORAL_NAO_ADQUIRIDA,0.0,0.0,0.0,0.0,0.0,0.0,0.0,0.0,0.0,0.0,0.0,0.0,0.0
SCALE-500-O00-00591,500,0,0,0,0,0,0,0,0,0,0,0,0,0,0,0,0,,,0,,,,,,UNKNOWN_SEM_INTERVALO_DE_FILTRO_DEMONSTRADO,UNKNOWN_SERIE_TEMPORAL_NAO_ADQUIRIDA,,,,,,,,,,,,,
SCALE-500-O00-00592,500,2,2,0,0,0,0,0,0,0,0,0,0,0,0,0,0,,,0,,110.0,102.0,118.0,,UNKNOWN_SEM_INTERVALO_DE_FILTRO_DEMONSTRADO,UNKNOWN_SERIE_TEMPORAL_NAO_ADQUIRIDA,100.0,0.0,0.0,0.0,0.0,0.0,0.0,0.0,0.0,0.0,0.0,0.0,0.0
SCALE-500-O00-00593,500,3,3,1,0,0,0,0,0,0,1,0,0,1,0,0,0,8.011115902448374,8.011115902448374,1,,98.0,89.2,99.6,,UNKNOWN_SEM_INTERVALO_DE_FILTRO_DEMONSTRADO,UNKNOWN_SERIE_TEMPORAL_NAO_ADQUIRIDA,100.0,33.33333333333333,0.0,0.0,0.0,0.0,0.0,33.33333333333333,0.0,0.0,33.33333333333333,0.0,0.0
SCALE-500-O00-00594,500,2,1,0,0,0,0,0,0,0,0,0,0,0,0,0,0,,,0,,90.0,90.0,90.0,,UNKNOWN_SEM_INTERVALO_DE_FILTRO_DEMONSTRADO,UNKNOWN_SERIE_TEMPORAL_NAO_ADQUIRIDA,50.0,0.0,0.0,0.0,0.0,0.0,0.0,0.0,0.0,0.0,0.0,0.0,0.0
SCALE-500-O00-00595,500,1,1,1,0,0,0,0,0,0,1,0,0,1,0,0,0,7.690780782630718,7.690780782630718,1,,119.0,119.0,119.0,,UNKNOWN_SEM_INTERVALO_DE_FILTRO_DEMONSTRADO,UNKNOWN_SERIE_TEMPORAL_NAO_ADQUIRIDA,100.0,100.0,0.0,0.0,0.0,0.0,0.0,100.0,0.0,0.0,100.0,0.0,0.0
SCALE-500-O00-00596,500,0,0,0,0,0,0,0,0,0,0,0,0,0,0,0,0,,,0,,,,,,UNKNOWN_SEM_INTERVALO_DE_FILTRO_DEMONSTRADO,UNKNOWN_SERIE_TEMPORAL_NAO_ADQUIRIDA,,,,,,,,,,,,,
SCALE-500-O00-00597,500,0,0,0,0,0,0,0,0,0,0,0,0,0,0,0,0,,,0,,,,,,UNKNOWN_SEM_INTERVALO_DE_FILTRO_DEMONSTRADO,UNKNOWN_SERIE_TEMPORAL_NAO_ADQUIRIDA,,,,,,,,,,,,,
SCALE-500-O00-00598,500,0,0,0,0,0,0,0,0,0,0,0,0,0,0,0,0,,,0,,,,,,UNKNOWN_SEM_INTERVALO_DE_FILTRO_DEMONSTRADO,UNKNOWN_SERIE_TEMPORAL_NAO_ADQUIRIDA,,,,,,,,,,,,,
SCALE-500-O00-00599,500,13,11,4,2,2,2,3,2,0,5,1,0,6,0,0,0,40.20068858361226,42.12817511653216,5,19.157135327898587,170.0,120.0,215.0,5.0,UNKNOWN_SEM_INTERVALO_DE_FILTRO_DEMONSTRADO,UNKNOWN_SERIE_TEMPORAL_NAO_ADQUIRIDA,84.61538461538461,30.76923076923077,15.384615384615385,15.384615384615385,15.384615384615385,23.076923076923077,15.384615384615385,38.46153846153847,7.6923076923076925,0.0,46.15384615384615,0.0,0.0
SCALE-500-O00-00600,500,0,0,0,0,0,0,0,0,0,0,0,0,0,0,0,0,,,0,,,,,,UNKNOWN_SEM_INTERVALO_DE_FILTRO_DEMONSTRADO,UNKNOWN_SERIE_TEMPORAL_NAO_ADQUIRIDA,,,,,,,,,,,,,
SCALE-500-O00-00601,500,0,0,0,0,0,0,0,0,0,0,0,0,0,0,0,0,,,0,,,,,,UNKNOWN_SEM_INTERVALO_DE_FILTRO_DEMONSTRADO,UNKNOWN_SERIE_TEMPORAL_NAO_ADQUIRIDA,,,,,,,,,,,,,
SCALE-500-O00-00602,500,0,0,0,0,0,0,0,0,0,0,0,0,0,0,0,0,,,0,,,,,,UNKNOWN_SEM_INTERVALO_DE_FILTRO_DEMONSTRADO,UNKNOWN_SERIE_TEMPORAL_NAO_ADQUIRIDA,,,,,,,,,,,,,
SCALE-500-O00-00603,500,0,0,0,0,0,0,0,0,0,0,0,0,0,0,0,0,,,0,,,,,,UNKNOWN_SEM_INTERVALO_DE_FILTRO_DEMONSTRADO,UNKNOWN_SERIE_TEMPORAL_NAO_ADQUIRIDA,,,,,,,,,,,,,
SCALE-500-O00-00604,500,0,0,0,0,0,0,0,0,0,0,0,0,0,0,0,0,,,0,,,,,,UNKNOWN_SEM_INTERVALO_DE_FILTRO_DEMONSTRADO,UNKNOWN_SERIE_TEMPORAL_NAO_ADQUIRIDA,,,,,,,,,,,,,
SCALE-500-O00-00605,500,0,0,0,0,0,0,0,0,0,0,0,0,0,0,0,0,,,0,,,,,,UNKNOWN_SEM_INTERVALO_DE_FILTRO_DEMONSTRADO,UNKNOWN_SERIE_TEMPORAL_NAO_ADQUIRIDA,,,,,,,,,,,,,
SCALE-500-O00-00606,500,0,0,0,0,0,0,0,0,0,0,0,0,0,0,0,0,,,0,,,,,,UNKNOWN_SEM_INTERVALO_DE_FILTRO_DEMONSTRADO,UNKNOWN_SERIE_TEMPORAL_NAO_ADQUIRIDA,,,,,,,,,,,,,
SCALE-500-O00-00607,500,0,0,0,0,0,0,0,0,0,0,0,0,0,0,0,0,,,0,,,,,,UNKNOWN_SEM_INTERVALO_DE_FILTRO_DEMONSTRADO,UNKNOWN_SERIE_TEMPORAL_NAO_ADQUIRIDA,,,,,,,,,,,,,
SCALE-500-O00-00608,500,0,0,0,0,0,0,0,0,0,0,0,0,0,0,0,0,,,0,,,,,,UNKNOWN_SEM_INTERVALO_DE_FILTRO_DEMONSTRADO,UNKNOWN_SERIE_TEMPORAL_NAO_ADQUIRIDA,,,,,,,,,,,,,
SCALE-500-O00-00609,500,0,0,0,0,0,0,0,0,0,0,0,0,0,0,0,0,,,0,,,,,,UNKNOWN_SEM_INTERVALO_DE_FILTRO_DEMONSTRADO,UNKNOWN_SERIE_TEMPORAL_NAO_ADQUIRIDA,,,,,,,,,,,,,
SCALE-500-O00-00610,500,0,0,0,0,0,0,0,0,0,0,0,0,0,0,0,0,,,0,,,,,,UNKNOWN_SEM_INTERVALO_DE_FILTRO_DEMONSTRADO,UNKNOWN_SERIE_TEMPORAL_NAO_ADQUIRIDA,,,,,,,,,,,,,
SCALE-500-O00-00611,500,0,0,0,0,0,0,0,0,0,0,0,0,0,0,0,0,,,0,,,,,,UNKNOWN_SEM_INTERVALO_DE_FILTRO_DEMONSTRADO,UNKNOWN_SERIE_TEMPORAL_NAO_ADQUIRIDA,,,,,,,,,,,,,
SCALE-500-O00-00612,500,0,0,0,0,0,0,0,0,0,0,0,0,0,0,0,0,,,0,,,,,,UNKNOWN_SEM_INTERVALO_DE_FILTRO_DEMONSTRADO,UNKNOWN_SERIE_TEMPORAL_NAO_ADQUIRIDA,,,,,,,,,,,,,
SCALE-500-O00-00613,500,0,0,0,0,0,0,0,0,0,0,0,0,0,0,0,0,,,0,,,,,,UNKNOWN_SEM_INTERVALO_DE_FILTRO_DEMONSTRADO,UNKNOWN_SERIE_TEMPORAL_NAO_ADQUIRIDA,,,,,,,,,,,,,
SCALE-500-O00-00614,500,34,33,20,7,4,6,3,3,0,23,3,0,23,3,0,0,26.03201982244673,51.627069686578096,15,49.13174124040877,120.0,96.7,158.0,145.0,UNKNOWN_SEM_INTERVALO_DE_FILTRO_DEMONSTRADO,UNKNOWN_SERIE_TEMPORAL_NAO_ADQUIRIDA,97.05882352941177,58.82352941176471,20.588235294117645,11.76470588235294,17.647058823529413,8.823529411764707,8.823529411764707,67.64705882352942,8.823529411764707,0.0,67.64705882352942,8.823529411764707,0.0
SCALE-500-O00-00615,500,1,0,0,0,0,0,0,0,0,0,0,0,0,0,0,0,,,0,,,,,,UNKNOWN_SEM_INTERVALO_DE_FILTRO_DEMONSTRADO,UNKNOWN_SERIE_TEMPORAL_NAO_ADQUIRIDA,0.0,0.0,0.0,0.0,0.0,0.0,0.0,0.0,0.0,0.0,0.0,0.0,0.0
SCALE-500-O00-00616,500,4,2,1,0,0,0,0,0,0,1,1,0,1,1,0,0,16.45755901900792,16.45755901900792,1,0.013689535034942538,97.0,69.0,125.0,,UNKNOWN_SEM_INTERVALO_DE_FILTRO_DEMONSTRADO,UNKNOWN_SERIE_TEMPORAL_NAO_ADQUIRIDA,50.0,25.0,0.0,0.0,0.0,0.0,0.0,25.0,25.0,0.0,25.0,25.0,0.0
SCALE-500-O00-00617,500,0,0,0,0,0,0,0,0,0,0,0,0,0,0,0,0,,,0,,,,,,UNKNOWN_SEM_INTERVALO_DE_FILTRO_DEMONSTRADO,UNKNOWN_SERIE_TEMPORAL_NAO_ADQUIRIDA,,,,,,,,,,,,,
SCALE-500-O00-00618,500,3,3,2,0,0,0,0,0,0,2,0,0,2,0,0,0,29.662484513713494,39.78835978835979,2,25.31468818661574,120.0,120.0,132.0,,UNKNOWN_SEM_INTERVALO_DE_FILTRO_DEMONSTRADO,UNKNOWN_SERIE_TEMPORAL_NAO_ADQUIRIDA,100.0,66.66666666666666,0.0,0.0,0.0,0.0,0.0,66.66666666666666,0.0,0.0,66.66666666666666,0.0,0.0
SCALE-500-O00-00619,500,1,1,1,0,0,0,0,0,0,1,1,0,1,1,0,0,16.818962743930403,16.818962743930403,1,0.18617767647521852,139.4,139.4,139.4,,UNKNOWN_SEM_INTERVALO_DE_FILTRO_DEMONSTRADO,UNKNOWN_SERIE_TEMPORAL_NAO_ADQUIRIDA,100.0,100.0,0.0,0.0,0.0,0.0,0.0,100.0,100.0,0.0,100.0,100.0,0.0
SCALE-500-O00-00620,500,0,0,0,0,0,0,0,0,0,0,0,0,0,0,0,0,,,0,,,,,,UNKNOWN_SEM_INTERVALO_DE_FILTRO_DEMONSTRADO,UNKNOWN_SERIE_TEMPORAL_NAO_ADQUIRIDA,,,,,,,,,,,,,
SCALE-500-O00-00621,500,0,0,0,0,0,0,0,0,0,0,0,0,0,0,0,0,,,0,,,,,,UNKNOWN_SEM_INTERVALO_DE_FILTRO_DEMONSTRADO,UNKNOWN_SERIE_TEMPORAL_NAO_ADQUIRIDA,,,,,,,,,,,,,
SCALE-500-O00-00622,500,11,9,3,3,2,2,1,1,0,4,2,0,6,0,1,0,16.70533960314038,30.53998370945331,5,34.36073293770577,70.0,50.4,172.0,42.0,UNKNOWN_SEM_INTERVALO_DE_FILTRO_DEMONSTRADO,UNKNOWN_SERIE_TEMPORAL_NAO_ADQUIRIDA,81.81818181818183,27.27272727272727,27.27272727272727,18.181818181818183,18.181818181818183,9.090909090909092,9.090909090909092,36.36363636363637,18.181818181818183,0.0,54.54545454545454,0.0,9.090909090909092
SCALE-500-O00-00623,500,7,2,0,0,0,0,0,0,0,0,0,0,0,0,0,0,,,0,,142.5,133.3,151.7,,UNKNOWN_SEM_INTERVALO_DE_FILTRO_DEMONSTRADO,UNKNOWN_SERIE_TEMPORAL_NAO_ADQUIRIDA,28.57142857142857,0.0,0.0,0.0,0.0,0.0,0.0,0.0,0.0,0.0,0.0,0.0,0.0
SCALE-500-O00-00624,500,3,1,0,1,1,1,0,1,0,1,0,0,1,0,0,0,31.00679685414485,31.00679685414485,1,,120.0,120.0,120.0,,UNKNOWN_SEM_INTERVALO_DE_FILTRO_DEMONSTRADO,UNKNOWN_SERIE_TEMPORAL_NAO_ADQUIRIDA,33.33333333333333,0.0,33.33333333333333,33.33333333333333,33.33333333333333,0.0,33.33333333333333,33.33333333333333,0.0,0.0,33.33333333333333,0.0,0.0
SCALE-500-O00-00625,500,3,3,1,0,0,0,0,0,0,1,0,0,1,0,0,0,36.16775156231819,36.16775156231819,1,,70.0,68.4,110.0,,UNKNOWN_SEM_INTERVALO_DE_FILTRO_DEMONSTRADO,UNKNOWN_SERIE_TEMPORAL_NAO_ADQUIRIDA,100.0,33.33333333333333,0.0,0.0,0.0,0.0,0.0,33.33333333333333,0.0,0.0,33.33333333333333,0.0,0.0
SCALE-500-O00-00626,500,2,2,0,0,0,0,0,0,0,0,0,0,0,0,0,0,,,0,,110.0,102.0,118.0,,UNKNOWN_SEM_INTERVALO_DE_FILTRO_DEMONSTRADO,UNKNOWN_SERIE_TEMPORAL_NAO_ADQUIRIDA,100.0,0.0,0.0,0.0,0.0,0.0,0.0,0.0,0.0,0.0,0.0,0.0,0.0
SCALE-500-O00-00627,500,0,0,0,0,0,0,0,0,0,0,0,0,0,0,0,0,,,0,,,,,,UNKNOWN_SEM_INTERVALO_DE_FILTRO_DEMONSTRADO,UNKNOWN_SERIE_TEMPORAL_NAO_ADQUIRIDA,,,,,,,,,,,,,
SCALE-500-O00-00628,500,0,0,0,0,0,0,0,0,0,0,0,0,0,0,0,0,,,0,,,,,,UNKNOWN_SEM_INTERVALO_DE_FILTRO_DEMONSTRADO,UNKNOWN_SERIE_TEMPORAL_NAO_ADQUIRIDA,,,,,,,,,,,,,
SCALE-500-O00-00629,500,0,0,0,0,0,0,0,0,0,0,0,0,0,0,0,0,,,0,,,,,,UNKNOWN_SEM_INTERVALO_DE_FILTRO_DEMONSTRADO,UNKNOWN_SERIE_TEMPORAL_NAO_ADQUIRIDA,,,,,,,,,,,,,
SCALE-500-O00-00630,500,0,0,0,0,0,0,0,0,0,0,0,0,0,0,0,0,,,0,,,,,,UNKNOWN_SEM_INTERVALO_DE_FILTRO_DEMONSTRADO,UNKNOWN_SERIE_TEMPORAL_NAO_ADQUIRIDA,,,,,,,,,,,,,
SCALE-500-O00-00631,500,0,0,0,0,0,0,0,0,0,0,0,0,0,0,0,0,,,0,,,,,,UNKNOWN_SEM_INTERVALO_DE_FILTRO_DEMONSTRADO,UNKNOWN_SERIE_TEMPORAL_NAO_ADQUIRIDA,,,,,,,,,,,,,
SCALE-500-O00-00632,500,0,0,0,0,0,0,0,0,0,0,0,0,0,0,0,0,,,0,,,,,,UNKNOWN_SEM_INTERVALO_DE_FILTRO_DEMONSTRADO,UNKNOWN_SERIE_TEMPORAL_NAO_ADQUIRIDA,,,,,,,,,,,,,
SCALE-500-O00-00633,500,0,0,0,0,0,0,0,0,0,0,0,0,0,0,0,0,,,0,,,,,,UNKNOWN_SEM_INTERVALO_DE_FILTRO_DEMONSTRADO,UNKNOWN_SERIE_TEMPORAL_NAO_ADQUIRIDA,,,,,,,,,,,,,
SCALE-500-O00-00634,500,0,0,0,0,0,0,0,0,0,0,0,0,0,0,0,0,,,0,,,,,,UNKNOWN_SEM_INTERVALO_DE_FILTRO_DEMONSTRADO,UNKNOWN_SERIE_TEMPORAL_NAO_ADQUIRIDA,,,,,,,,,,,,,
SCALE-500-O00-00635,500,0,0,0,0,0,0,0,0,0,0,0,0,0,0,0,0,,,0,,,,,,UNKNOWN_SEM_INTERVALO_DE_FILTRO_DEMONSTRADO,UNKNOWN_SERIE_TEMPORAL_NAO_ADQUIRIDA,,,,,,,,,,,,,
SCALE-500-O00-00636,500,0,0,0,0,0,0,0,0,0,0,0,0,0,0,0,0,,,0,,,,,,UNKNOWN_SEM_INTERVALO_DE_FILTRO_DEMONSTRADO,UNKNOWN_SERIE_TEMPORAL_NAO_ADQUIRIDA,,,,,,,,,,,,,
SCALE-500-O00-00637,500,0,0,0,0,0,0,0,0,0,0,0,0,0,0,0,0,,,0,,,,,,UNKNOWN_SEM_INTERVALO_DE_FILTRO_DEMONSTRADO,UNKNOWN_SERIE_TEMPORAL_NAO_ADQUIRIDA,,,,,,,,,,,,,
SCALE-500-O00-00638,500,0,0,0,0,0,0,0,0,0,0,0,0,0,0,0,0,,,0,,,,,,UNKNOWN_SEM_INTERVALO_DE_FILTRO_DEMONSTRADO,UNKNOWN_SERIE_TEMPORAL_NAO_ADQUIRIDA,,,,,,,,,,,,,
SCALE-500-O00-00639,500,0,0,0,0,0,0,0,0,0,0,0,0,0,0,0,0,,,0,,,,,,UNKNOWN_SEM_INTERVALO_DE_FILTRO_DEMONSTRADO,UNKNOWN_SERIE_TEMPORAL_NAO_ADQUIRIDA,,,,,,,,,,,,,
SCALE-500-O00-00640,500,1,1,0,0,0,0,0,0,0,0,0,0,0,0,0,0,,,0,,120.0,120.0,120.0,,UNKNOWN_SEM_INTERVALO_DE_FILTRO_DEMONSTRADO,UNKNOWN_SERIE_TEMPORAL_NAO_ADQUIRIDA,100.0,0.0,0.0,0.0,0.0,0.0,0.0,0.0,0.0,0.0,0.0,0.0,0.0
SCALE-500-O00-00641,500,0,0,0,0,0,0,0,0,0,0,0,0,0,0,0,0,,,0,,,,,,UNKNOWN_SEM_INTERVALO_DE_FILTRO_DEMONSTRADO,UNKNOWN_SERIE_TEMPORAL_NAO_ADQUIRIDA,,,,,,,,,,,,,
SCALE-500-O00-00642,500,0,0,0,0,0,0,0,0,0,0,0,0,0,0,0,0,,,0,,,,,,UNKNOWN_SEM_INTERVALO_DE_FILTRO_DEMONSTRADO,UNKNOWN_SERIE_TEMPORAL_NAO_ADQUIRIDA,,,,,,,,,,,,,
SCALE-500-O00-00643,500,0,0,0,0,0,0,0,0,0,0,0,0,0,0,0,0,,,0,,,,,,UNKNOWN_SEM_INTERVALO_DE_FILTRO_DEMONSTRADO,UNKNOWN_SERIE_TEMPORAL_NAO_ADQUIRIDA,,,,,,,,,,,,,
SCALE-500-O00-00644,500,0,0,0,0,0,0,0,0,0,0,0,0,0,0,0,0,,,0,,,,,,UNKNOWN_SEM_INTERVALO_DE_FILTRO_DEMONSTRADO,UNKNOWN_SERIE_TEMPORAL_NAO_ADQUIRIDA,,,,,,,,,,,,,
SCALE-500-O00-00645,500,0,0,0,0,0,0,0,0,0,0,0,0,0,0,0,0,,,0,,,,,,UNKNOWN_SEM_INTERVALO_DE_FILTRO_DEMONSTRADO,UNKNOWN_SERIE_TEMPORAL_NAO_ADQUIRIDA,,,,,,,,,,,,,
SCALE-500-O00-00646,500,12,12,4,5,6,3,2,7,0,8,5,1,9,4,1,0,20.78618999705675,42.22454944317816,12,39.49430857580922,150.0,105.3,198.0,160.0,UNKNOWN_SEM_INTERVALO_DE_FILTRO_DEMONSTRADO,UNKNOWN_SERIE_TEMPORAL_NAO_ADQUIRIDA,100.0,33.33333333333333,41.66666666666667,50.0,25.0,16.666666666666664,58.333333333333336,66.66666666666666,41.66666666666667,8.333333333333332,75.0,33.33333333333333,8.333333333333332
SCALE-500-O00-00647,500,0,0,0,0,0,0,0,0,0,0,0,0,0,0,0,0,,,0,,,,,,UNKNOWN_SEM_INTERVALO_DE_FILTRO_DEMONSTRADO,UNKNOWN_SERIE_TEMPORAL_NAO_ADQUIRIDA,,,,,,,,,,,,,
SCALE-500-O00-00648,500,6,4,1,0,0,0,1,0,0,1,0,0,1,0,0,0,34.57155177724388,34.57155177724388,1,,95.0,71.0,179.90000000000003,53.0,UNKNOWN_SEM_INTERVALO_DE_FILTRO_DEMONSTRADO,UNKNOWN_SERIE_TEMPORAL_NAO_ADQUIRIDA,66.66666666666666,16.666666666666664,0.0,0.0,0.0,16.666666666666664,0.0,16.666666666666664,0.0,0.0,16.666666666666664,0.0,0.0
SCALE-500-O00-00649,500,5,5,1,0,0,0,0,0,0,1,1,0,1,1,0,0,15.488339938533988,15.488339938533988,2,1.3497881544453343,120.0,88.8,126.0,,UNKNOWN_SEM_INTERVALO_DE_FILTRO_DEMONSTRADO,UNKNOWN_SERIE_TEMPORAL_NAO_ADQUIRIDA,100.0,20.0,0.0,0.0,0.0,0.0,0.0,20.0,20.0,0.0,20.0,20.0,0.0
SCALE-500-O00-00650,500,41,34,18,6,6,6,1,5,0,17,8,0,19,6,0,0,18.708118578752472,37.73164404471002,11,25.881434937062362,130.0,96.5,148.5,43.0,UNKNOWN_SEM_INTERVALO_DE_FILTRO_DEMONSTRADO,UNKNOWN_SERIE_TEMPORAL_NAO_ADQUIRIDA,82.92682926829268,43.90243902439025,14.634146341463413,14.634146341463413,14.634146341463413,2.4390243902439024,12.195121951219512,41.46341463414634,19.51219512195122,0.0,46.34146341463415,14.634146341463413,0.0
SCALE-500-O00-00651,500,7,6,0,0,0,0,0,0,0,0,0,0,0,0,0,0,,,0,,120.0,90.0,120.0,,UNKNOWN_SEM_INTERVALO_DE_FILTRO_DEMONSTRADO,UNKNOWN_SERIE_TEMPORAL_NAO_ADQUIRIDA,85.71428571428571,0.0,0.0,0.0,0.0,0.0,0.0,0.0,0.0,0.0,0.0,0.0,0.0
SCALE-500-O00-00652,500,0,0,0,0,0,0,0,0,0,0,0,0,0,0,0,0,,,0,,,,,,UNKNOWN_SEM_INTERVALO_DE_FILTRO_DEMONSTRADO,UNKNOWN_SERIE_TEMPORAL_NAO_ADQUIRIDA,,,,,,,,,,,,,
SCALE-500-O00-00653,500,0,0,0,0,0,0,0,0,0,0,0,0,0,0,0,0,,,0,,,,,,UNKNOWN_SEM_INTERVALO_DE_FILTRO_DEMONSTRADO,UNKNOWN_SERIE_TEMPORAL_NAO_ADQUIRIDA,,,,,,,,,,,,,
SCALE-500-O00-00654,500,0,0,0,0,0,0,0,0,0,0,0,0,0,0,0,0,,,0,,,,,,UNKNOWN_SEM_INTERVALO_DE_FILTRO_DEMONSTRADO,UNKNOWN_SERIE_TEMPORAL_NAO_ADQUIRIDA,,,,,,,,,,,,,
SCALE-500-O00-00655,500,0,0,0,0,0,0,0,0,0,0,0,0,0,0,0,0,,,0,,,,,,UNKNOWN_SEM_INTERVALO_DE_FILTRO_DEMONSTRADO,UNKNOWN_SERIE_TEMPORAL_NAO_ADQUIRIDA,,,,,,,,,,,,,
SCALE-500-O00-00656,500,0,0,0,0,0,0,0,0,0,0,0,0,0,0,0,0,,,0,,,,,,UNKNOWN_SEM_INTERVALO_DE_FILTRO_DEMONSTRADO,UNKNOWN_SERIE_TEMPORAL_NAO_ADQUIRIDA,,,,,,,,,,,,,
SCALE-500-O00-00657,500,0,0,0,0,0,0,0,0,0,0,0,0,0,0,0,0,,,0,,,,,,UNKNOWN_SEM_INTERVALO_DE_FILTRO_DEMONSTRADO,UNKNOWN_SERIE_TEMPORAL_NAO_ADQUIRIDA,,,,,,,,,,,,,
SCALE-500-O00-00658,500,0,0,0,0,0,0,0,0,0,0,0,0,0,0,0,0,,,0,,,,,,UNKNOWN_SEM_INTERVALO_DE_FILTRO_DEMONSTRADO,UNKNOWN_SERIE_TEMPORAL_NAO_ADQUIRIDA,,,,,,,,,,,,,
SCALE-500-O00-00659,500,0,0,0,0,0,0,0,0,0,0,0,0,0,0,0,0,,,0,,,,,,UNKNOWN_SEM_INTERVALO_DE_FILTRO_DEMONSTRADO,UNKNOWN_SERIE_TEMPORAL_NAO_ADQUIRIDA,,,,,,,,,,,,,
SCALE-500-O00-00660,500,0,0,0,0,0,0,0,0,0,0,0,0,0,0,0,0,,,0,,,,,,UNKNOWN_SEM_INTERVALO_DE_FILTRO_DEMONSTRADO,UNKNOWN_SERIE_TEMPORAL_NAO_ADQUIRIDA,,,,,,,,,,,,,
SCALE-500-O00-00661,500,0,0,0,0,0,0,0,0,0,0,0,0,0,0,0,0,,,0,,,,,,UNKNOWN_SEM_INTERVALO_DE_FILTRO_DEMONSTRADO,UNKNOWN_SERIE_TEMPORAL_NAO_ADQUIRIDA,,,,,,,,,,,,,
SCALE-500-O00-00662,500,0,0,0,0,0,0,0,0,0,0,0,0,0,0,0,0,,,0,,,,,,UNKNOWN_SEM_INTERVALO_DE_FILTRO_DEMONSTRADO,UNKNOWN_SERIE_TEMPORAL_NAO_ADQUIRIDA,,,,,,,,,,,,,
SCALE-500-O00-00663,500,0,0,0,0,0,0,0,0,0,0,0,0,0,0,0,0,,,0,,,,,,UNKNOWN_SEM_INTERVALO_DE_FILTRO_DEMONSTRADO,UNKNOWN_SERIE_TEMPORAL_NAO_ADQUIRIDA,,,,,,,,,,,,,
SCALE-500-O00-00664,500,25,24,19,1,1,1,0,1,0,18,1,1,18,1,1,0,26.27295563906172,40.7148675195247,13,46.27336632511277,142.25,95.8,152.0,,UNKNOWN_SEM_INTERVALO_DE_FILTRO_DEMONSTRADO,UNKNOWN_SERIE_TEMPORAL_NAO_ADQUIRIDA,96.0,76.0,4.0,4.0,4.0,0.0,4.0,72.0,4.0,4.0,72.0,4.0,4.0
SCALE-500-O00-00665,500,12,10,8,0,0,0,0,0,0,7,0,0,7,0,0,0,26.138798195719282,41.57676064532468,5,25.394087489818407,140.0,83.99,280.0,,UNKNOWN_SEM_INTERVALO_DE_FILTRO_DEMONSTRADO,UNKNOWN_SERIE_TEMPORAL_NAO_ADQUIRIDA,83.33333333333334,66.66666666666666,0.0,0.0,0.0,0.0,0.0,58.333333333333336,0.0,0.0,58.333333333333336,0.0,0.0
SCALE-500-O00-00666,500,1,1,1,0,0,0,0,0,0,1,1,0,1,1,0,0,22.073006290341347,22.073006290341347,2,14.47531434594824,78.5,78.5,78.5,,UNKNOWN_SEM_INTERVALO_DE_FILTRO_DEMONSTRADO,UNKNOWN_SERIE_TEMPORAL_NAO_ADQUIRIDA,100.0,100.0,0.0,0.0,0.0,0.0,0.0,100.0,100.0,0.0,100.0,100.0,0.0
SCALE-500-O00-00667,500,0,0,0,0,0,0,0,0,0,0,0,0,0,0,0,0,,,0,,,,,,UNKNOWN_SEM_INTERVALO_DE_FILTRO_DEMONSTRADO,UNKNOWN_SERIE_TEMPORAL_NAO_ADQUIRIDA,,,,,,,,,,,,,
SCALE-500-O00-00668,500,0,0,0,0,0,0,0,0,0,0,0,0,0,0,0,0,,,0,,,,,,UNKNOWN_SEM_INTERVALO_DE_FILTRO_DEMONSTRADO,UNKNOWN_SERIE_TEMPORAL_NAO_ADQUIRIDA,,,,,,,,,,,,,
SCALE-500-O00-00669,500,1,1,0,0,0,0,0,0,0,0,0,0,0,0,0,0,,,0,,120.0,120.0,120.0,,UNKNOWN_SEM_INTERVALO_DE_FILTRO_DEMONSTRADO,UNKNOWN_SERIE_TEMPORAL_NAO_ADQUIRIDA,100.0,0.0,0.0,0.0,0.0,0.0,0.0,0.0,0.0,0.0,0.0,0.0,0.0
SCALE-500-O00-00670,500,0,0,0,0,0,0,0,0,0,0,0,0,0,0,0,0,,,0,,,,,,UNKNOWN_SEM_INTERVALO_DE_FILTRO_DEMONSTRADO,UNKNOWN_SERIE_TEMPORAL_NAO_ADQUIRIDA,,,,,,,,,,,,,
SCALE-500-O00-00671,500,24,24,17,7,7,7,8,7,0,19,4,0,19,4,0,0,32.86857361889703,39.422575412226124,13,42.256856745860624,92.5,50.56,164.79999999999995,35.85,UNKNOWN_SEM_INTERVALO_DE_FILTRO_DEMONSTRADO,UNKNOWN_SERIE_TEMPORAL_NAO_ADQUIRIDA,100.0,70.83333333333334,29.166666666666668,29.166666666666668,29.166666666666668,33.33333333333333,29.166666666666668,79.16666666666666,16.666666666666664,0.0,79.16666666666666,16.666666666666664,0.0
SCALE-500-O00-00672,500,3,3,2,1,1,1,0,1,0,2,0,0,2,0,0,0,22.04152035976098,28.613592339336194,2,16.430179948938033,178.0,130.8,515.6,,UNKNOWN_SEM_INTERVALO_DE_FILTRO_DEMONSTRADO,UNKNOWN_SERIE_TEMPORAL_NAO_ADQUIRIDA,100.0,66.66666666666666,33.33333333333333,33.33333333333333,33.33333333333333,0.0,33.33333333333333,66.66666666666666,0.0,0.0,66.66666666666666,0.0,0.0
SCALE-500-O00-00673,500,0,0,0,0,0,0,0,0,0,0,0,0,0,0,0,0,,,0,,,,,,UNKNOWN_SEM_INTERVALO_DE_FILTRO_DEMONSTRADO,UNKNOWN_SERIE_TEMPORAL_NAO_ADQUIRIDA,,,,,,,,,,,,,
SCALE-500-O00-00674,500,0,0,0,0,0,0,0,0,0,0,0,0,0,0,0,0,,,0,,,,,,UNKNOWN_SEM_INTERVALO_DE_FILTRO_DEMONSTRADO,UNKNOWN_SERIE_TEMPORAL_NAO_ADQUIRIDA,,,,,,,,,,,,,
SCALE-500-O00-00675,500,0,0,0,0,0,0,0,0,0,0,0,0,0,0,0,0,,,0,,,,,,UNKNOWN_SEM_INTERVALO_DE_FILTRO_DEMONSTRADO,UNKNOWN_SERIE_TEMPORAL_NAO_ADQUIRIDA,,,,,,,,,,,,,
SCALE-500-O00-00676,500,0,0,0,0,0,0,0,0,0,0,0,0,0,0,0,0,,,0,,,,,,UNKNOWN_SEM_INTERVALO_DE_FILTRO_DEMONSTRADO,UNKNOWN_SERIE_TEMPORAL_NAO_ADQUIRIDA,,,,,,,,,,,,,
SCALE-500-O00-00677,500,0,0,0,0,0,0,0,0,0,0,0,0,0,0,0,0,,,0,,,,,,UNKNOWN_SEM_INTERVALO_DE_FILTRO_DEMONSTRADO,UNKNOWN_SERIE_TEMPORAL_NAO_ADQUIRIDA,,,,,,,,,,,,,
SCALE-500-O00-00678,500,0,0,0,0,0,0,0,0,0,0,0,0,0,0,0,0,,,0,,,,,,UNKNOWN_SEM_INTERVALO_DE_FILTRO_DEMONSTRADO,UNKNOWN_SERIE_TEMPORAL_NAO_ADQUIRIDA,,,,,,,,,,,,,
SCALE-500-O00-00679,500,0,0,0,0,0,0,0,0,0,0,0,0,0,0,0,0,,,0,,,,,,UNKNOWN_SEM_INTERVALO_DE_FILTRO_DEMONSTRADO,UNKNOWN_SERIE_TEMPORAL_NAO_ADQUIRIDA,,,,,,,,,,,,,
SCALE-500-O00-00680,500,0,0,0,0,0,0,0,0,0,0,0,0,0,0,0,0,,,0,,,,,,UNKNOWN_SEM_INTERVALO_DE_FILTRO_DEMONSTRADO,UNKNOWN_SERIE_TEMPORAL_NAO_ADQUIRIDA,,,,,,,,,,,,,
SCALE-500-O00-00681,500,0,0,0,0,0,0,0,0,0,0,0,0,0,0,0,0,,,0,,,,,,UNKNOWN_SEM_INTERVALO_DE_FILTRO_DEMONSTRADO,UNKNOWN_SERIE_TEMPORAL_NAO_ADQUIRIDA,,,,,,,,,,,,,
SCALE-500-O00-00682,500,0,0,0,0,0,0,0,0,0,0,0,0,0,0,0,0,,,0,,,,,,UNKNOWN_SEM_INTERVALO_DE_FILTRO_DEMONSTRADO,UNKNOWN_SERIE_TEMPORAL_NAO_ADQUIRIDA,,,,,,,,,,,,,
SCALE-500-O00-00683,500,0,0,0,0,0,0,0,0,0,0,0,0,0,0,0,0,,,0,,,,,,UNKNOWN_SEM_INTERVALO_DE_FILTRO_DEMONSTRADO,UNKNOWN_SERIE_TEMPORAL_NAO_ADQUIRIDA,,,,,,,,,,,,,
SCALE-500-O00-00684,500,0,0,0,0,0,0,0,0,0,0,0,0,0,0,0,0,,,0,,,,,,UNKNOWN_SEM_INTERVALO_DE_FILTRO_DEMONSTRADO,UNKNOWN_SERIE_TEMPORAL_NAO_ADQUIRIDA,,,,,,,,,,,,,
SCALE-500-O00-00685,500,0,0,0,0,0,0,0,0,0,0,0,0,0,0,0,0,,,0,,,,,,UNKNOWN_SEM_INTERVALO_DE_FILTRO_DEMONSTRADO,UNKNOWN_SERIE_TEMPORAL_NAO_ADQUIRIDA,,,,,,,,,,,,,
SCALE-500-O00-00686,500,3,3,0,0,0,0,0,0,0,1,0,0,1,0,0,0,8.725709631272373,8.725709631272373,1,,99.0,71.0,107.8,,UNKNOWN_SEM_INTERVALO_DE_FILTRO_DEMONSTRADO,UNKNOWN_SERIE_TEMPORAL_NAO_ADQUIRIDA,100.0,0.0,0.0,0.0,0.0,0.0,0.0,33.33333333333333,0.0,0.0,33.33333333333333,0.0,0.0
SCALE-500-O00-00687,500,2,1,0,0,0,0,0,0,0,0,0,0,0,0,0,0,,,0,,70.0,70.0,70.0,,UNKNOWN_SEM_INTERVALO_DE_FILTRO_DEMONSTRADO,UNKNOWN_SERIE_TEMPORAL_NAO_ADQUIRIDA,50.0,0.0,0.0,0.0,0.0,0.0,0.0,0.0,0.0,0.0,0.0,0.0,0.0
SCALE-500-O00-00688,500,1,1,1,0,0,0,0,0,0,0,0,0,0,0,0,0,,,0,,254.0,254.0,254.0,,UNKNOWN_SEM_INTERVALO_DE_FILTRO_DEMONSTRADO,UNKNOWN_SERIE_TEMPORAL_NAO_ADQUIRIDA,100.0,100.0,0.0,0.0,0.0,0.0,0.0,0.0,0.0,0.0,0.0,0.0,0.0
SCALE-500-O00-00689,500,0,0,0,0,0,0,0,0,0,0,0,0,0,0,0,0,,,0,,,,,,UNKNOWN_SEM_INTERVALO_DE_FILTRO_DEMONSTRADO,UNKNOWN_SERIE_TEMPORAL_NAO_ADQUIRIDA,,,,,,,,,,,,,
SCALE-500-O00-00690,500,1,1,0,0,0,0,0,0,0,1,1,0,1,1,0,0,6.97071123979274,6.97071123979274,2,15.102295050548609,132.0,132.0,132.0,,UNKNOWN_SEM_INTERVALO_DE_FILTRO_DEMONSTRADO,UNKNOWN_SERIE_TEMPORAL_NAO_ADQUIRIDA,100.0,0.0,0.0,0.0,0.0,0.0,0.0,100.0,100.0,0.0,100.0,100.0,0.0
SCALE-500-O00-00691,500,7,7,6,0,1,1,1,1,0,6,2,0,6,2,0,0,22.330369548998267,34.5195315441111,6,30.500284057851974,117.0,115.0,154.0,139.0,UNKNOWN_SEM_INTERVALO_DE_FILTRO_DEMONSTRADO,UNKNOWN_SERIE_TEMPORAL_NAO_ADQUIRIDA,100.0,85.71428571428571,0.0,14.285714285714285,14.285714285714285,14.285714285714285,14.285714285714285,85.71428571428571,28.57142857142857,0.0,85.71428571428571,28.57142857142857,0.0
SCALE-500-O00-00692,500,0,0,0,0,0,0,0,0,0,0,0,0,0,0,0,0,,,0,,,,,,UNKNOWN_SEM_INTERVALO_DE_FILTRO_DEMONSTRADO,UNKNOWN_SERIE_TEMPORAL_NAO_ADQUIRIDA,,,,,,,,,,,,,
SCALE-500-O00-00693,500,0,0,0,0,0,0,0,0,0,0,0,0,0,0,0,0,,,0,,,,,,UNKNOWN_SEM_INTERVALO_DE_FILTRO_DEMONSTRADO,UNKNOWN_SERIE_TEMPORAL_NAO_ADQUIRIDA,,,,,,,,,,,,,
SCALE-500-O00-00694,500,2,2,0,0,0,0,0,0,0,0,0,0,0,0,0,0,,,0,,105.0,101.0,109.0,,UNKNOWN_SEM_INTERVALO_DE_FILTRO_DEMONSTRADO,UNKNOWN_SERIE_TEMPORAL_NAO_ADQUIRIDA,100.0,0.0,0.0,0.0,0.0,0.0,0.0,0.0,0.0,0.0,0.0,0.0,0.0
SCALE-500-O00-00695,500,1,1,0,0,0,0,0,0,0,0,0,0,0,0,0,0,,,0,,115.0,115.0,115.0,,UNKNOWN_SEM_INTERVALO_DE_FILTRO_DEMONSTRADO,UNKNOWN_SERIE_TEMPORAL_NAO_ADQUIRIDA,100.0,0.0,0.0,0.0,0.0,0.0,0.0,0.0,0.0,0.0,0.0,0.0,0.0
SCALE-500-O00-00696,500,0,0,0,0,0,0,0,0,0,0,0,0,0,0,0,0,,,0,,,,,,UNKNOWN_SEM_INTERVALO_DE_FILTRO_DEMONSTRADO,UNKNOWN_SERIE_TEMPORAL_NAO_ADQUIRIDA,,,,,,,,,,,,,
SCALE-500-O00-00697,500,0,0,0,0,0,0,0,0,0,0,0,0,0,0,0,0,,,0,,,,,,UNKNOWN_SEM_INTERVALO_DE_FILTRO_DEMONSTRADO,UNKNOWN_SERIE_TEMPORAL_NAO_ADQUIRIDA,,,,,,,,,,,,,
SCALE-500-O00-00698,500,0,0,0,0,0,0,0,0,0,0,0,0,0,0,0,0,,,0,,,,,,UNKNOWN_SEM_INTERVALO_DE_FILTRO_DEMONSTRADO,UNKNOWN_SERIE_TEMPORAL_NAO_ADQUIRIDA,,,,,,,,,,,,,
SCALE-500-O00-00699,500,0,0,0,0,0,0,0,0,0,0,0,0,0,0,0,0,,,0,,,,,,UNKNOWN_SEM_INTERVALO_DE_FILTRO_DEMONSTRADO,UNKNOWN_SERIE_TEMPORAL_NAO_ADQUIRIDA,,,,,,,,,,,,,
SCALE-500-O00-00700,500,0,0,0,0,0,0,0,0,0,0,0,0,0,0,0,0,,,0,,,,,,UNKNOWN_SEM_INTERVALO_DE_FILTRO_DEMONSTRADO,UNKNOWN_SERIE_TEMPORAL_NAO_ADQUIRIDA,,,,,,,,,,,,,
SCALE-500-O00-00701,500,0,0,0,0,0,0,0,0,0,0,0,0,0,0,0,0,,,0,,,,,,UNKNOWN_SEM_INTERVALO_DE_FILTRO_DEMONSTRADO,UNKNOWN_SERIE_TEMPORAL_NAO_ADQUIRIDA,,,,,,,,,,,,,
SCALE-500-O00-00702,500,0,0,0,0,0,0,0,0,0,0,0,0,0,0,0,0,,,0,,,,,,UNKNOWN_SEM_INTERVALO_DE_FILTRO_DEMONSTRADO,UNKNOWN_SERIE_TEMPORAL_NAO_ADQUIRIDA,,,,,,,,,,,,,
SCALE-500-O00-00703,500,0,0,0,0,0,0,0,0,0,0,0,0,0,0,0,0,,,0,,,,,,UNKNOWN_SEM_INTERVALO_DE_FILTRO_DEMONSTRADO,UNKNOWN_SERIE_TEMPORAL_NAO_ADQUIRIDA,,,,,,,,,,,,,
SCALE-500-O00-00704,500,0,0,0,0,0,0,0,0,0,0,0,0,0,0,0,0,,,0,,,,,,UNKNOWN_SEM_INTERVALO_DE_FILTRO_DEMONSTRADO,UNKNOWN_SERIE_TEMPORAL_NAO_ADQUIRIDA,,,,,,,,,,,,,
SCALE-500-O00-00705,500,0,0,0,0,0,0,0,0,0,0,0,0,0,0,0,0,,,0,,,,,,UNKNOWN_SEM_INTERVALO_DE_FILTRO_DEMONSTRADO,UNKNOWN_SERIE_TEMPORAL_NAO_ADQUIRIDA,,,,,,,,,,,,,
SCALE-500-O00-00706,500,0,0,0,0,0,0,0,0,0,0,0,0,0,0,0,0,,,0,,,,,,UNKNOWN_SEM_INTERVALO_DE_FILTRO_DEMONSTRADO,UNKNOWN_SERIE_TEMPORAL_NAO_ADQUIRIDA,,,,,,,,,,,,,
SCALE-500-O00-00707,500,0,0,0,0,0,0,0,0,0,0,0,0,0,0,0,0,,,0,,,,,,UNKNOWN_SEM_INTERVALO_DE_FILTRO_DEMONSTRADO,UNKNOWN_SERIE_TEMPORAL_NAO_ADQUIRIDA,,,,,,,,,,,,,
SCALE-500-O00-00708,500,0,0,0,0,0,0,0,0,0,0,0,0,0,0,0,0,,,0,,,,,,UNKNOWN_SEM_INTERVALO_DE_FILTRO_DEMONSTRADO,UNKNOWN_SERIE_TEMPORAL_NAO_ADQUIRIDA,,,,,,,,,,,,,
SCALE-500-O00-00709,500,0,0,0,0,0,0,0,0,0,0,0,0,0,0,0,0,,,0,,,,,,UNKNOWN_SEM_INTERVALO_DE_FILTRO_DEMONSTRADO,UNKNOWN_SERIE_TEMPORAL_NAO_ADQUIRIDA,,,,,,,,,,,,,
SCALE-500-O00-00710,500,10,9,7,0,0,0,0,0,0,8,0,0,8,0,0,0,24.437188990875924,43.70110269204706,6,39.48061904077428,252.0,166.8,288.6,,UNKNOWN_SEM_INTERVALO_DE_FILTRO_DEMONSTRADO,UNKNOWN_SERIE_TEMPORAL_NAO_ADQUIRIDA,90.0,70.0,0.0,0.0,0.0,0.0,0.0,80.0,0.0,0.0,80.0,0.0,0.0
SCALE-500-O00-00711,500,0,0,0,0,0,0,0,0,0,0,0,0,0,0,0,0,,,0,,,,,,UNKNOWN_SEM_INTERVALO_DE_FILTRO_DEMONSTRADO,UNKNOWN_SERIE_TEMPORAL_NAO_ADQUIRIDA,,,,,,,,,,,,,
SCALE-500-O00-00712,500,2,1,0,0,0,0,0,0,0,0,0,0,0,0,0,0,,,0,,100.0,100.0,100.0,,UNKNOWN_SEM_INTERVALO_DE_FILTRO_DEMONSTRADO,UNKNOWN_SERIE_TEMPORAL_NAO_ADQUIRIDA,50.0,0.0,0.0,0.0,0.0,0.0,0.0,0.0,0.0,0.0,0.0,0.0,0.0
SCALE-500-O00-00713,500,1,1,0,0,0,0,0,0,0,0,0,0,0,0,0,0,,,0,,120.0,120.0,120.0,,UNKNOWN_SEM_INTERVALO_DE_FILTRO_DEMONSTRADO,UNKNOWN_SERIE_TEMPORAL_NAO_ADQUIRIDA,100.0,0.0,0.0,0.0,0.0,0.0,0.0,0.0,0.0,0.0,0.0,0.0,0.0
SCALE-500-O00-00714,500,0,0,0,0,0,0,0,0,0,0,0,0,0,0,0,0,,,0,,,,,,UNKNOWN_SEM_INTERVALO_DE_FILTRO_DEMONSTRADO,UNKNOWN_SERIE_TEMPORAL_NAO_ADQUIRIDA,,,,,,,,,,,,,
SCALE-500-O00-00715,500,0,0,0,0,0,0,0,0,0,0,0,0,0,0,0,0,,,0,,,,,,UNKNOWN_SEM_INTERVALO_DE_FILTRO_DEMONSTRADO,UNKNOWN_SERIE_TEMPORAL_NAO_ADQUIRIDA,,,,,,,,,,,,,
SCALE-500-O00-00716,500,4,4,0,0,0,0,0,0,0,0,0,0,0,0,0,0,,,0,,122.5,106.0,129.2,,UNKNOWN_SEM_INTERVALO_DE_FILTRO_DEMONSTRADO,UNKNOWN_SERIE_TEMPORAL_NAO_ADQUIRIDA,100.0,0.0,0.0,0.0,0.0,0.0,0.0,0.0,0.0,0.0,0.0,0.0,0.0
SCALE-500-O00-00717,500,0,0,0,0,0,0,0,0,0,0,0,0,0,0,0,0,,,0,,,,,,UNKNOWN_SEM_INTERVALO_DE_FILTRO_DEMONSTRADO,UNKNOWN_SERIE_TEMPORAL_NAO_ADQUIRIDA,,,,,,,,,,,,,
SCALE-500-O00-00718,500,0,0,0,0,0,0,0,0,0,0,0,0,0,0,0,0,,,0,,,,,,UNKNOWN_SEM_INTERVALO_DE_FILTRO_DEMONSTRADO,UNKNOWN_SERIE_TEMPORAL_NAO_ADQUIRIDA,,,,,,,,,,,,,
SCALE-500-O00-00719,500,0,0,0,0,0,0,0,0,0,0,0,0,0,0,0,0,,,0,,,,,,UNKNOWN_SEM_INTERVALO_DE_FILTRO_DEMONSTRADO,UNKNOWN_SERIE_TEMPORAL_NAO_ADQUIRIDA,,,,,,,,,,,,,
SCALE-500-O00-00720,500,0,0,0,0,0,0,0,0,0,0,0,0,0,0,0,0,,,0,,,,,,UNKNOWN_SEM_INTERVALO_DE_FILTRO_DEMONSTRADO,UNKNOWN_SERIE_TEMPORAL_NAO_ADQUIRIDA,,,,,,,,,,,,,
SCALE-500-O00-00721,500,0,0,0,0,0,0,0,0,0,0,0,0,0,0,0,0,,,0,,,,,,UNKNOWN_SEM_INTERVALO_DE_FILTRO_DEMONSTRADO,UNKNOWN_SERIE_TEMPORAL_NAO_ADQUIRIDA,,,,,,,,,,,,,
SCALE-500-O00-00722,500,0,0,0,0,0,0,0,0,0,0,0,0,0,0,0,0,,,0,,,,,,UNKNOWN_SEM_INTERVALO_DE_FILTRO_DEMONSTRADO,UNKNOWN_SERIE_TEMPORAL_NAO_ADQUIRIDA,,,,,,,,,,,,,
SCALE-500-O00-00723,500,0,0,0,0,0,0,0,0,0,0,0,0,0,0,0,0,,,0,,,,,,UNKNOWN_SEM_INTERVALO_DE_FILTRO_DEMONSTRADO,UNKNOWN_SERIE_TEMPORAL_NAO_ADQUIRIDA,,,,,,,,,,,,,
SCALE-500-O00-00724,500,0,0,0,0,0,0,0,0,0,0,0,0,0,0,0,0,,,0,,,,,,UNKNOWN_SEM_INTERVALO_DE_FILTRO_DEMONSTRADO,UNKNOWN_SERIE_TEMPORAL_NAO_ADQUIRIDA,,,,,,,,,,,,,
SCALE-500-O00-00725,500,0,0,0,0,0,0,0,0,0,0,0,0,0,0,0,0,,,0,,,,,,UNKNOWN_SEM_INTERVALO_DE_FILTRO_DEMONSTRADO,UNKNOWN_SERIE_TEMPORAL_NAO_ADQUIRIDA,,,,,,,,,,,,,
SCALE-500-O00-00726,500,0,0,0,0,0,0,0,0,0,0,0,0,0,0,0,0,,,0,,,,,,UNKNOWN_SEM_INTERVALO_DE_FILTRO_DEMONSTRADO,UNKNOWN_SERIE_TEMPORAL_NAO_ADQUIRIDA,,,,,,,,,,,,,
SCALE-500-O00-00727,500,0,0,0,0,0,0,0,0,0,0,0,0,0,0,0,0,,,0,,,,,,UNKNOWN_SEM_INTERVALO_DE_FILTRO_DEMONSTRADO,UNKNOWN_SERIE_TEMPORAL_NAO_ADQUIRIDA,,,,,,,,,,,,,
SCALE-500-O00-00728,500,0,0,0,0,0,0,0,0,0,0,0,0,0,0,0,0,,,0,,,,,,UNKNOWN_SEM_INTERVALO_DE_FILTRO_DEMONSTRADO,UNKNOWN_SERIE_TEMPORAL_NAO_ADQUIRIDA,,,,,,,,,,,,,
SCALE-500-O00-00729,500,0,0,0,0,0,0,0,0,0,0,0,0,0,0,0,0,,,0,,,,,,UNKNOWN_SEM_INTERVALO_DE_FILTRO_DEMONSTRADO,UNKNOWN_SERIE_TEMPORAL_NAO_ADQUIRIDA,,,,,,,,,,,,,
SCALE-500-O00-00730,500,0,0,0,0,0,0,0,0,0,0,0,0,0,0,0,0,,,0,,,,,,UNKNOWN_SEM_INTERVALO_DE_FILTRO_DEMONSTRADO,UNKNOWN_SERIE_TEMPORAL_NAO_ADQUIRIDA,,,,,,,,,,,,,
SCALE-500-O00-00731,500,1,1,1,0,0,0,0,0,0,1,1,0,1,1,0,0,16.569813206294448,16.569813206294448,2,0.12868162932845986,120.0,120.0,120.0,,UNKNOWN_SEM_INTERVALO_DE_FILTRO_DEMONSTRADO,UNKNOWN_SERIE_TEMPORAL_NAO_ADQUIRIDA,100.0,100.0,0.0,0.0,0.0,0.0,0.0,100.0,100.0,0.0,100.0,100.0,0.0
SCALE-500-O00-00732,500,0,0,0,0,0,0,0,0,0,0,0,0,0,0,0,0,,,0,,,,,,UNKNOWN_SEM_INTERVALO_DE_FILTRO_DEMONSTRADO,UNKNOWN_SERIE_TEMPORAL_NAO_ADQUIRIDA,,,,,,,,,,,,,
SCALE-500-O00-00733,500,0,0,0,0,0,0,0,0,0,0,0,0,0,0,0,0,,,0,,,,,,UNKNOWN_SEM_INTERVALO_DE_FILTRO_DEMONSTRADO,UNKNOWN_SERIE_TEMPORAL_NAO_ADQUIRIDA,,,,,,,,,,,,,
SCALE-500-O00-00734,500,0,0,0,0,0,0,0,0,0,0,0,0,0,0,0,0,,,0,,,,,,UNKNOWN_SEM_INTERVALO_DE_FILTRO_DEMONSTRADO,UNKNOWN_SERIE_TEMPORAL_NAO_ADQUIRIDA,,,,,,,,,,,,,
SCALE-500-O00-00735,500,0,0,0,0,0,0,0,0,0,0,0,0,0,0,0,0,,,0,,,,,,UNKNOWN_SEM_INTERVALO_DE_FILTRO_DEMONSTRADO,UNKNOWN_SERIE_TEMPORAL_NAO_ADQUIRIDA,,,,,,,,,,,,,
SCALE-500-O00-00736,500,0,0,0,0,0,0,0,0,0,0,0,0,0,0,0,0,,,0,,,,,,UNKNOWN_SEM_INTERVALO_DE_FILTRO_DEMONSTRADO,UNKNOWN_SERIE_TEMPORAL_NAO_ADQUIRIDA,,,,,,,,,,,,,
SCALE-500-O00-00737,500,0,0,0,0,0,0,0,0,0,0,0,0,0,0,0,0,,,0,,,,,,UNKNOWN_SEM_INTERVALO_DE_FILTRO_DEMONSTRADO,UNKNOWN_SERIE_TEMPORAL_NAO_ADQUIRIDA,,,,,,,,,,,,,
SCALE-500-O00-00738,500,0,0,0,0,0,0,0,0,0,0,0,0,0,0,0,0,,,0,,,,,,UNKNOWN_SEM_INTERVALO_DE_FILTRO_DEMONSTRADO,UNKNOWN_SERIE_TEMPORAL_NAO_ADQUIRIDA,,,,,,,,,,,,,
SCALE-500-O00-00739,500,0,0,0,0,0,0,0,0,0,0,0,0,0,0,0,0,,,0,,,,,,UNKNOWN_SEM_INTERVALO_DE_FILTRO_DEMONSTRADO,UNKNOWN_SERIE_TEMPORAL_NAO_ADQUIRIDA,,,,,,,,,,,,,
SCALE-500-O00-00740,500,0,0,0,0,0,0,0,0,0,0,0,0,0,0,0,0,,,0,,,,,,UNKNOWN_SEM_INTERVALO_DE_FILTRO_DEMONSTRADO,UNKNOWN_SERIE_TEMPORAL_NAO_ADQUIRIDA,,,,,,,,,,,,,
SCALE-500-O00-00741,500,0,0,0,0,0,0,0,0,0,0,0,0,0,0,0,0,,,0,,,,,,UNKNOWN_SEM_INTERVALO_DE_FILTRO_DEMONSTRADO,UNKNOWN_SERIE_TEMPORAL_NAO_ADQUIRIDA,,,,,,,,,,,,,
SCALE-500-O00-00742,500,0,0,0,0,0,0,0,0,0,0,0,0,0,0,0,0,,,0,,,,,,UNKNOWN_SEM_INTERVALO_DE_FILTRO_DEMONSTRADO,UNKNOWN_SERIE_TEMPORAL_NAO_ADQUIRIDA,,,,,,,,,,,,,
SCALE-500-O00-00743,500,0,0,0,0,0,0,0,0,0,0,0,0,0,0,0,0,,,0,,,,,,UNKNOWN_SEM_INTERVALO_DE_FILTRO_DEMONSTRADO,UNKNOWN_SERIE_TEMPORAL_NAO_ADQUIRIDA,,,,,,,,,,,,,
SCALE-500-O00-00744,500,0,0,0,0,0,0,0,0,0,0,0,0,0,0,0,0,,,0,,,,,,UNKNOWN_SEM_INTERVALO_DE_FILTRO_DEMONSTRADO,UNKNOWN_SERIE_TEMPORAL_NAO_ADQUIRIDA,,,,,,,,,,,,,
SCALE-500-O00-00745,500,0,0,0,0,0,0,0,0,0,0,0,0,0,0,0,0,,,0,,,,,,UNKNOWN_SEM_INTERVALO_DE_FILTRO_DEMONSTRADO,UNKNOWN_SERIE_TEMPORAL_NAO_ADQUIRIDA,,,,,,,,,,,,,
SCALE-500-O00-00746,500,0,0,0,0,0,0,0,0,0,0,0,0,0,0,0,0,,,0,,,,,,UNKNOWN_SEM_INTERVALO_DE_FILTRO_DEMONSTRADO,UNKNOWN_SERIE_TEMPORAL_NAO_ADQUIRIDA,,,,,,,,,,,,,
SCALE-500-O00-00747,500,0,0,0,0,0,0,0,0,0,0,0,0,0,0,0,0,,,0,,,,,,UNKNOWN_SEM_INTERVALO_DE_FILTRO_DEMONSTRADO,UNKNOWN_SERIE_TEMPORAL_NAO_ADQUIRIDA,,,,,,,,,,,,,
SCALE-500-O00-00748,500,0,0,0,0,0,0,0,0,0,0,0,0,0,0,0,0,,,0,,,,,,UNKNOWN_SEM_INTERVALO_DE_FILTRO_DEMONSTRADO,UNKNOWN_SERIE_TEMPORAL_NAO_ADQUIRIDA,,,,,,,,,,,,,
SCALE-500-O00-00749,500,0,0,0,0,0,0,0,0,0,0,0,0,0,0,0,0,,,0,,,,,,UNKNOWN_SEM_INTERVALO_DE_FILTRO_DEMONSTRADO,UNKNOWN_SERIE_TEMPORAL_NAO_ADQUIRIDA,,,,,,,,,,,,,
SCALE-500-O00-00750,500,0,0,0,0,0,0,0,0,0,0,0,0,0,0,0,0,,,0,,,,,,UNKNOWN_SEM_INTERVALO_DE_FILTRO_DEMONSTRADO,UNKNOWN_SERIE_TEMPORAL_NAO_ADQUIRIDA,,,,,,,,,,,,,
SCALE-500-O00-00751,500,0,0,0,0,0,0,0,0,0,0,0,0,0,0,0,0,,,0,,,,,,UNKNOWN_SEM_INTERVALO_DE_FILTRO_DEMONSTRADO,UNKNOWN_SERIE_TEMPORAL_NAO_ADQUIRIDA,,,,,,,,,,,,,
SCALE-500-O00-00752,500,1,1,1,0,0,0,0,0,0,1,1,0,1,1,0,0,18.228984852529482,18.228984852529482,1,0.4298514000971957,120.0,120.0,120.0,,UNKNOWN_SEM_INTERVALO_DE_FILTRO_DEMONSTRADO,UNKNOWN_SERIE_TEMPORAL_NAO_ADQUIRIDA,100.0,100.0,0.0,0.0,0.0,0.0,0.0,100.0,100.0,0.0,100.0,100.0,0.0
SCALE-500-O00-00753,500,0,0,0,0,0,0,0,0,0,0,0,0,0,0,0,0,,,0,,,,,,UNKNOWN_SEM_INTERVALO_DE_FILTRO_DEMONSTRADO,UNKNOWN_SERIE_TEMPORAL_NAO_ADQUIRIDA,,,,,,,,,,,,,
SCALE-500-O00-00754,500,0,0,0,0,0,0,0,0,0,0,0,0,0,0,0,0,,,0,,,,,,UNKNOWN_SEM_INTERVALO_DE_FILTRO_DEMONSTRADO,UNKNOWN_SERIE_TEMPORAL_NAO_ADQUIRIDA,,,,,,,,,,,,,
SCALE-500-O00-00755,500,0,0,0,0,0,0,0,0,0,0,0,0,0,0,0,0,,,0,,,,,,UNKNOWN_SEM_INTERVALO_DE_FILTRO_DEMONSTRADO,UNKNOWN_SERIE_TEMPORAL_NAO_ADQUIRIDA,,,,,,,,,,,,,
SCALE-500-O00-00756,500,0,0,0,0,0,0,0,0,0,0,0,0,0,0,0,0,,,0,,,,,,UNKNOWN_SEM_INTERVALO_DE_FILTRO_DEMONSTRADO,UNKNOWN_SERIE_TEMPORAL_NAO_ADQUIRIDA,,,,,,,,,,,,,
SCALE-500-O00-00757,500,0,0,0,0,0,0,0,0,0,0,0,0,0,0,0,0,,,0,,,,,,UNKNOWN_SEM_INTERVALO_DE_FILTRO_DEMONSTRADO,UNKNOWN_SERIE_TEMPORAL_NAO_ADQUIRIDA,,,,,,,,,,,,,
SCALE-500-O00-00758,500,0,0,0,0,0,0,0,0,0,0,0,0,0,0,0,0,,,0,,,,,,UNKNOWN_SEM_INTERVALO_DE_FILTRO_DEMONSTRADO,UNKNOWN_SERIE_TEMPORAL_NAO_ADQUIRIDA,,,,,,,,,,,,,
SCALE-500-O00-00759,500,0,0,0,0,0,0,0,0,0,0,0,0,0,0,0,0,,,0,,,,,,UNKNOWN_SEM_INTERVALO_DE_FILTRO_DEMONSTRADO,UNKNOWN_SERIE_TEMPORAL_NAO_ADQUIRIDA,,,,,,,,,,,,,
SCALE-500-O00-00760,500,0,0,0,0,0,0,0,0,0,0,0,0,0,0,0,0,,,0,,,,,,UNKNOWN_SEM_INTERVALO_DE_FILTRO_DEMONSTRADO,UNKNOWN_SERIE_TEMPORAL_NAO_ADQUIRIDA,,,,,,,,,,,,,
SCALE-500-O00-00761,500,0,0,0,0,0,0,0,0,0,0,0,0,0,0,0,0,,,0,,,,,,UNKNOWN_SEM_INTERVALO_DE_FILTRO_DEMONSTRADO,UNKNOWN_SERIE_TEMPORAL_NAO_ADQUIRIDA,,,,,,,,,,,,,
SCALE-500-O00-00762,500,0,0,0,0,0,0,0,0,0,0,0,0,0,0,0,0,,,0,,,,,,UNKNOWN_SEM_INTERVALO_DE_FILTRO_DEMONSTRADO,UNKNOWN_SERIE_TEMPORAL_NAO_ADQUIRIDA,,,,,,,,,,,,,
SCALE-500-O00-00763,500,0,0,0,0,0,0,0,0,0,0,0,0,0,0,0,0,,,0,,,,,,UNKNOWN_SEM_INTERVALO_DE_FILTRO_DEMONSTRADO,UNKNOWN_SERIE_TEMPORAL_NAO_ADQUIRIDA,,,,,,,,,,,,,
SCALE-500-O00-00764,500,0,0,0,0,0,0,0,0,0,0,0,0,0,0,0,0,,,0,,,,,,UNKNOWN_SEM_INTERVALO_DE_FILTRO_DEMONSTRADO,UNKNOWN_SERIE_TEMPORAL_NAO_ADQUIRIDA,,,,,,,,,,,,,
SCALE-500-O00-00765,500,0,0,0,0,0,0,0,0,0,0,0,0,0,0,0,0,,,0,,,,,,UNKNOWN_SEM_INTERVALO_DE_FILTRO_DEMONSTRADO,UNKNOWN_SERIE_TEMPORAL_NAO_ADQUIRIDA,,,,,,,,,,,,,
SCALE-500-O00-00766,500,0,0,0,0,0,0,0,0,0,0,0,0,0,0,0,0,,,0,,,,,,UNKNOWN_SEM_INTERVALO_DE_FILTRO_DEMONSTRADO,UNKNOWN_SERIE_TEMPORAL_NAO_ADQUIRIDA,,,,,,,,,,,,,
SCALE-500-O00-00767,500,0,0,0,0,0,0,0,0,0,0,0,0,0,0,0,0,,,0,,,,,,UNKNOWN_SEM_INTERVALO_DE_FILTRO_DEMONSTRADO,UNKNOWN_SERIE_TEMPORAL_NAO_ADQUIRIDA,,,,,,,,,,,,,
SCALE-500-O00-00768,500,0,0,0,0,0,0,0,0,0,0,0,0,0,0,0,0,,,0,,,,,,UNKNOWN_SEM_INTERVALO_DE_FILTRO_DEMONSTRADO,UNKNOWN_SERIE_TEMPORAL_NAO_ADQUIRIDA,,,,,,,,,,,,,
SCALE-500-O00-00769,500,16,16,12,0,0,0,0,0,0,12,0,0,12,0,0,0,25.489914235063004,28.00495561168265,6,11.285652682806628,137.0,86.5,150.0,,UNKNOWN_SEM_INTERVALO_DE_FILTRO_DEMONSTRADO,UNKNOWN_SERIE_TEMPORAL_NAO_ADQUIRIDA,100.0,75.0,0.0,0.0,0.0,0.0,0.0,75.0,0.0,0.0,75.0,0.0,0.0
SCALE-500-O00-00770,500,0,0,0,0,0,0,0,0,0,0,0,0,0,0,0,0,,,0,,,,,,UNKNOWN_SEM_INTERVALO_DE_FILTRO_DEMONSTRADO,UNKNOWN_SERIE_TEMPORAL_NAO_ADQUIRIDA,,,,,,,,,,,,,
SCALE-500-O00-00771,500,0,0,0,0,0,0,0,0,0,0,0,0,0,0,0,0,,,0,,,,,,UNKNOWN_SEM_INTERVALO_DE_FILTRO_DEMONSTRADO,UNKNOWN_SERIE_TEMPORAL_NAO_ADQUIRIDA,,,,,,,,,,,,,
SCALE-500-O00-00772,500,1,1,0,0,0,0,0,0,0,0,0,0,0,0,0,0,,,0,,70.0,70.0,70.0,,UNKNOWN_SEM_INTERVALO_DE_FILTRO_DEMONSTRADO,UNKNOWN_SERIE_TEMPORAL_NAO_ADQUIRIDA,100.0,0.0,0.0,0.0,0.0,0.0,0.0,0.0,0.0,0.0,0.0,0.0,0.0
SCALE-500-O00-00773,500,0,0,0,0,0,0,0,0,0,0,0,0,0,0,0,0,,,0,,,,,,UNKNOWN_SEM_INTERVALO_DE_FILTRO_DEMONSTRADO,UNKNOWN_SERIE_TEMPORAL_NAO_ADQUIRIDA,,,,,,,,,,,,,
SCALE-500-O00-00774,500,0,0,0,0,0,0,0,0,0,0,0,0,0,0,0,0,,,0,,,,,,UNKNOWN_SEM_INTERVALO_DE_FILTRO_DEMONSTRADO,UNKNOWN_SERIE_TEMPORAL_NAO_ADQUIRIDA,,,,,,,,,,,,,
SCALE-500-O00-00775,500,0,0,0,0,0,0,0,0,0,0,0,0,0,0,0,0,,,0,,,,,,UNKNOWN_SEM_INTERVALO_DE_FILTRO_DEMONSTRADO,UNKNOWN_SERIE_TEMPORAL_NAO_ADQUIRIDA,,,,,,,,,,,,,
SCALE-500-O00-00776,500,0,0,0,0,0,0,0,0,0,0,0,0,0,0,0,0,,,0,,,,,,UNKNOWN_SEM_INTERVALO_DE_FILTRO_DEMONSTRADO,UNKNOWN_SERIE_TEMPORAL_NAO_ADQUIRIDA,,,,,,,,,,,,,
SCALE-500-O00-00777,500,0,0,0,0,0,0,0,0,0,0,0,0,0,0,0,0,,,0,,,,,,UNKNOWN_SEM_INTERVALO_DE_FILTRO_DEMONSTRADO,UNKNOWN_SERIE_TEMPORAL_NAO_ADQUIRIDA,,,,,,,,,,,,,
SCALE-500-O00-00778,500,0,0,0,0,0,0,0,0,0,0,0,0,0,0,0,0,,,0,,,,,,UNKNOWN_SEM_INTERVALO_DE_FILTRO_DEMONSTRADO,UNKNOWN_SERIE_TEMPORAL_NAO_ADQUIRIDA,,,,,,,,,,,,,
SCALE-500-O00-00779,500,0,0,0,0,0,0,0,0,0,0,0,0,0,0,0,0,,,0,,,,,,UNKNOWN_SEM_INTERVALO_DE_FILTRO_DEMONSTRADO,UNKNOWN_SERIE_TEMPORAL_NAO_ADQUIRIDA,,,,,,,,,,,,,
SCALE-500-O00-00780,500,0,0,0,0,0,0,0,0,0,0,0,0,0,0,0,0,,,0,,,,,,UNKNOWN_SEM_INTERVALO_DE_FILTRO_DEMONSTRADO,UNKNOWN_SERIE_TEMPORAL_NAO_ADQUIRIDA,,,,,,,,,,,,,
SCALE-500-O00-00781,500,0,0,0,0,0,0,0,0,0,0,0,0,0,0,0,0,,,0,,,,,,UNKNOWN_SEM_INTERVALO_DE_FILTRO_DEMONSTRADO,UNKNOWN_SERIE_TEMPORAL_NAO_ADQUIRIDA,,,,,,,,,,,,,
SCALE-500-O00-00782,500,0,0,0,0,0,0,0,0,0,0,0,0,0,0,0,0,,,0,,,,,,UNKNOWN_SEM_INTERVALO_DE_FILTRO_DEMONSTRADO,UNKNOWN_SERIE_TEMPORAL_NAO_ADQUIRIDA,,,,,,,,,,,,,
SCALE-500-O00-00783,500,0,0,0,0,0,0,0,0,0,0,0,0,0,0,0,0,,,0,,,,,,UNKNOWN_SEM_INTERVALO_DE_FILTRO_DEMONSTRADO,UNKNOWN_SERIE_TEMPORAL_NAO_ADQUIRIDA,,,,,,,,,,,,,
SCALE-500-O00-00784,500,0,0,0,0,0,0,0,0,0,0,0,0,0,0,0,0,,,0,,,,,,UNKNOWN_SEM_INTERVALO_DE_FILTRO_DEMONSTRADO,UNKNOWN_SERIE_TEMPORAL_NAO_ADQUIRIDA,,,,,,,,,,,,,
SCALE-500-O00-00785,500,0,0,0,0,0,0,0,0,0,0,0,0,0,0,0,0,,,0,,,,,,UNKNOWN_SEM_INTERVALO_DE_FILTRO_DEMONSTRADO,UNKNOWN_SERIE_TEMPORAL_NAO_ADQUIRIDA,,,,,,,,,,,,,
SCALE-500-O00-00786,500,0,0,0,0,0,0,0,0,0,0,0,0,0,0,0,0,,,0,,,,,,UNKNOWN_SEM_INTERVALO_DE_FILTRO_DEMONSTRADO,UNKNOWN_SERIE_TEMPORAL_NAO_ADQUIRIDA,,,,,,,,,,,,,
SCALE-500-O00-00787,500,0,0,0,0,0,0,0,0,0,0,0,0,0,0,0,0,,,0,,,,,,UNKNOWN_SEM_INTERVALO_DE_FILTRO_DEMONSTRADO,UNKNOWN_SERIE_TEMPORAL_NAO_ADQUIRIDA,,,,,,,,,,,,,
SCALE-500-O00-00788,500,0,0,0,0,0,0,0,0,0,0,0,0,0,0,0,0,,,0,,,,,,UNKNOWN_SEM_INTERVALO_DE_FILTRO_DEMONSTRADO,UNKNOWN_SERIE_TEMPORAL_NAO_ADQUIRIDA,,,,,,,,,,,,,
SCALE-500-O00-00789,500,0,0,0,0,0,0,0,0,0,0,0,0,0,0,0,0,,,0,,,,,,UNKNOWN_SEM_INTERVALO_DE_FILTRO_DEMONSTRADO,UNKNOWN_SERIE_TEMPORAL_NAO_ADQUIRIDA,,,,,,,,,,,,,
SCALE-500-O00-00790,500,0,0,0,0,0,0,0,0,0,0,0,0,0,0,0,0,,,0,,,,,,UNKNOWN_SEM_INTERVALO_DE_FILTRO_DEMONSTRADO,UNKNOWN_SERIE_TEMPORAL_NAO_ADQUIRIDA,,,,,,,,,,,,,
SCALE-500-O00-00791,500,0,0,0,0,0,0,0,0,0,0,0,0,0,0,0,0,,,0,,,,,,UNKNOWN_SEM_INTERVALO_DE_FILTRO_DEMONSTRADO,UNKNOWN_SERIE_TEMPORAL_NAO_ADQUIRIDA,,,,,,,,,,,,,
